307 0.005530327266183965
569 0.001108015849717078
863 0.008444802222746432
914 0.0010920647951118
2154 0.005709135129727653
3356 0.009897036636219948
4396 0.0011566723037602722
5211 0.007784453669110698
5399 0.004782114145562137
5945 0.0027754832210038103
6310 0.003680594996300974
6357 0.0013470926875508219
6611 0.0023662488090069674
6882 0.0023996566061368395
6886 0.013781338816855435
7701 0.0032112303148099956
7930 0.0032242593501078734
8522 0.0020663492435883716
9457 0.004161638102234358
10819 0.0014920517033661911
11955 0.0067486672712405125
12102 0.003143210933945311
12655 0.00184823979676919
13270 0.0033927062610678215
13887 0.004799846490207165
14533 0.009102329879252103
14579 0.006122138842085926
14849 0.015498691910189022
14975 0.0014604431185808108
15043 0.0022929448931812584
15992 0.006497556682918751
16134 0.0020941199849924836
16263 8.566596776908826E-4
16275 0.00557290694213502
17541 0.002937236927902244
17633 0.003454595026861778
18110 0.005128583684770905
19331 0.0026064383909572986
19831 0.002159557163391655
21133 0.0038590702435989913
21211 0.00496154819194447
21217 0.004422080570899306
22462 0.00337237160369282
22800 0.0012764529443688676
22873 0.002305763308265959
23235 0.009746955290907128
23338 0.0027639795913161785
24093 0.0023417482613907036
24113 0.024619537191040538
24150 0.002377970834844001
24467 0.0025234191312938454
24898 0.0032157875286213536
24899 0.0019458834762587378
25391 0.005061885478655766
25433 0.007929132232934996
31389 0.0010807807528403226
31756 0.015959053545832876
31769 0.010661718620076597
31956 0.006349535124385524
32005 0.002333500769953379
32070 0.012506291514997186
32212 0.001983120277200801
32293 0.0038623409127946417
32759 0.004313545474451315
33057 0.009003984041977648
38076 0.0010979706463017087
38188 0.0010979706463017087
41963 0.0011033754024871519
42317 0.004072187957535594
43715 0.006432338527923059
44004 0.0014788188879924918
44635 0.0024956291572198882
44953 0.0022024314607072743
47125 8.566596776908826E-4
48569 0.003957291957280478
49001 0.0013812377668925057
51153 0.0023983068424658594
52625 0.0026485640573923573
53029 0.0030064714361753187
56120 0.0021527808874001286
56285 0.001394274250616363
56472 0.003758084288507178
57706 0.0030895601137199053
58838 8.566596776908826E-4
72809 0.002928185067586438
76762 0.0013792225435757055
82545 0.0022039060919738754
83392 0.0017789098728210459
85533 0.0019994122610346057
101146 0.0016016783029789788
103191 0.001089908178463884
114932 0.0013280643774789796
140387 0.001146004816683171
141010 9.973392335155997E-4
145422 0.0052304356948030106
151210 0.0016964959155168111
153041 0.0036887318103770144
156992 0.0036474564130526245
158984 0.0036856434865914773
163955 0.002609390089350986
168212 0.0033134425275670744
182688 0.001463153729026228
186833 0.0025625124734125963
188359 0.0019364744026231443
195322 0.0018112847263284963
206805 0.0012792861939439541
211383 0.002835726061543312
217513 0.0028911665158097327
230331 0.0030421183203810528
232595 0.0020748929968642327
238487 0.0012342889397332617
239646 0.002595461399081742
243749 0.0011240602718388482
245107 0.005218694352060245
253375 0.0012041926931314901
261703 0.0011986020590878175
278651 0.0028732161957185287
302553 0.001142273784006285
308650 9.066467256960202E-4
318094 0.004777958338877691
320247 0.0012832969518413882
321645 0.0011263897026903783
334962 0.0010766245890440492
339186 0.0010829189392610515
343508 0.0018078795219564406
346703 0.0011234559260403577
356024 0.0010766245890440492
361870 0.0010099181601138634
364022 0.0011110154590702785
411889 0.0012990475940156969
412662 0.0018145475277579293
430699 0.0013279503493953384
432006 0.0032573892568445208
453893 0.0022301069262280434
469644 0.0022808674035288763
483086 0.0017997774364179554
512541 0.0015136418423596452
525038 8.631640164674546E-4
530869 8.631640164674546E-4
534133 8.631640164674546E-4
534366 0.04423865775560329
552856 8.566596776908826E-4
557007 0.005743064707141626
590464 9.177205932332016E-4
606268 0.0018883328316915186
609874 9.689680719668682E-4
614618 0.001770371449917982
635422 0.0012433291877451751
636208 0.0013914789335945264
645042 0.018386101267054283
649827 0.0011335815015740326
695888 8.631640164674546E-4
706057 9.610001122317272E-4
721437 8.631640164674546E-4
741932 9.237472862149552E-4
757584 0.001386119335850843
759519 0.0011264375975303163
845943 0.003019916586313172
861667 0.0023512059175828603
889464 8.566596776908826E-4
893026 0.0016923459448613155
893798 8.631640164674546E-4
905254 8.631640164674546E-4
912958 0.0012817671055607414
925473 9.956860412546728E-4
925990 0.0013470995772178246
953415 0.001034314629006489
984217 0.0012003222541781785
1038390 8.631640164674546E-4
1053718 0.0030143417080670883
1071840 0.0010223107322440046
1190375 8.566596776908826E-4
1213941 0.002533898316714597
1263005 0.001981290825201998
1263244 0.002785689886852441
1274750 0.0024505934940903017
1309539 0.003055008717659419
1327124 0.0025068104253072334
1367038 0.0015986612540365153
1379146 0.0012443436103542307
1422397 0.0021154660422501434
1434885 0.0011501679649837003
1437235 8.631640164674546E-4
1461855 9.610001122317272E-4
1481886 0.0014930304350555341
1486197 0.001645852782581635
1559612 0.003289499191421414
1605031 8.631640164674546E-4
1838387 0.0019136418757566937
1892224 8.631640164674546E-4
1915219 8.631640164674546E-4
1926304 0.0013091723768404557
1972496 0.001567583905970217
2060634 9.713592282538266E-4
2070770 0.0021006584169452804
2093225 0.002797571290418152
2095829 0.0013950072721773392
2153329 0.0011793803340847976
2204744 0.0045425301456190215
2241181 0.0014072428058020691
2546031 0.001572327474249697
2775921 9.201209289974379E-4
2803134 0.0012479024128562697
2863933 0.001834798275394531
2887667 0.0019393610698744527
3062771 0.0011986020590878178
3089009 0.0011781650867275645
3132979 0.0014879793899810945
3162905 0.004591783638843208
3164049 8.566596776908826E-4
3180351 0.0016901559202862114
3217930 8.631640164674546E-4
3223944 0.00295823759118949
3301347 0.003438005058463924
3315198 8.631640164674546E-4
3414021 0.02002842309626406
3418303 0.002599292025279011
3573208 0.0013496587985423472
3661571 0.001322104247507133
3916604 8.566596776908826E-4
3919687 0.0012358612690465895
4107506 0.0010099181601138634
4142989 0.001305332345376115
4194277 8.566596776908826E-4
4257833 9.009628153954589E-4
4346768 0.0012545083995245448
4600783 8.631640164674546E-4
4859974 0.002737093784815467
5043192 0.00409635279022939
5043324 0.005988384438372916
5043544 0.01537949502506931
5058628 0.003971815163588253
5333249 0.0019289432872673098
5397026 0.002575294906339923
5517965 0.0017110768464244834
5517979 0.0011986020590878178
5722410 0.001645852782581635
5923845 0.0012000604853600802
6464503 0.0013327772761359629
6598271 0.0010197017696902907
6696324 8.631640164674546E-4
6748919 0.0010645243530985737
7203292 8.566596776908826E-4
7385288 0.0012284187739874054
7461670 8.631640164674546E-4
7479001 9.544957734551553E-4
8007034 8.631640164674546E-4
8012494 8.631640164674546E-4
8236687 8.566596776908826E-4
8729320 0.003078111106414544
8948490 8.631640164674546E-4
9034086 0.0017328182010387663
9046904 0.004610842642277874
9172097 0.0032569833025758266
9221211 0.0016211118186141517
9324604 8.631640164674546E-4
9331926 0.0019445517801954702
9379460 8.631640164674546E-4
9478182 0.0017593830946616709
9946136 0.003025712744534004
10110474 0.004517257406967734
10141742 9.283880803103029E-4
11045469 9.805673313845816E-4
11667958 0.0015787715579995622
12344509 0.0010883944617573343
12670114 0.001645852782581635
13085761 0.0019405120827657972
13152875 0.0015305471431048914
13190675 0.0018757204151832994
13709393 0.0010131974309137187
13992209 0.0013997613244736025
14640471 0.002628382935801621
14939434 0.002529191029089637
14985673 0.0014656207971208408
15522755 0.0010831630209968458
15560939 8.631640164674546E-4
15721548 0.0013920774211811896
16136849 0.002957465437426334
16384865 0.0014584629819321658
16682347 0.001474768997892878
16810005 8.631640164674546E-4
16859002 0.002470387721601358
17207794 0.002037197165638725
17230385 0.0015524699516495531
17286678 0.0013390093790729585
17349325 0.00405875338896213
17621363 8.566596776908826E-4
17649625 0.0020646844496867824
17775180 0.0016790633020897225
17905608 0.0015426521991110003
17969809 9.201209289974379E-4
17986784 0.0017279918339886422
18134605 8.851085613117775E-4
18185478 0.0011566723037602722
18186077 0.0010197017696902907
18337522 0.004918437111214913
18408462 9.28591270540343E-4
18415255 8.631640164674546E-4
18426501 0.0058660289290201045
18426568 0.004711492445796791
18705919 8.566596776908826E-4
18845119 8.631640164674546E-4
18935732 0.017801807974172152
18998720 0.0020354238690856487
18998750 0.00605708493269962
19467044 0.0015662482665925123
19468510 0.01284657091103047
19605492 0.0010131974309137187
19666611 0.0044561879452858395
19818299 0.0011240602718388482
19908980 0.001970752031061836
19944779 0.001967052207116995
20082093 0.0024492890128134455
20646803 0.0025819648244361417
20767983 0.0016017215627121355
20768200 0.0021476830132398585
20821646 0.0014724467369856486
20948898 0.0011664753856633389
21076367 0.002935179056369234
21158533 0.0014944290290576593
21214078 0.0012682862338540908
21216874 0.003346804311185828
21248534 0.0010129930088378833
22128381 8.566596776908826E-4
22163063 0.0032047259760334236
22400042 9.266252677740098E-4
22502182 8.566596776908826E-4
22745786 0.0012251038177434979
22921595 8.566596776908826E-4
23021155 0.0026470990982215277
23114690 8.566596776908826E-4
23237354 0.001326272937359391
23518353 8.566596776908826E-4
23529809 0.001104093128963338
23621094 0.001433408688922072
23626221 8.957760483888788E-4
24319307 8.566596776908826E-4
24629811 8.957760483888788E-4
24909346 0.014904325798478918
25037165 0.0012205466039321405
25226624 0.002154311147327404
25692176 9.896987003225805E-4
26230922 0.004956531755141934
26605056 0.0014300959825045046
26709878 0.0019447653494500032
27190729 0.0011240602718388482
27337059 8.566596776908826E-4
27608523 0.003072515035811434
28242945 0.0016796447669266425
28288074 0.0032112303148099956
29313809 0.002616374769444372
29519542 9.570866684011563E-4
29697232 0.0049695965615456335
30095259 0.001201911157119898
30106389 0.0010081025102725773
30238542 9.51682388825606E-4
31214851 0.0018525988416473616
31279643 0.0011566723037602722
31651710 0.0023666775365753703
31677330 9.376274810820048E-4
32497339 8.631640164674546E-4
32614682 0.0012215112623553623
