sillhouette 2.301029995663981 1 114 1 1 13.995074649630238
as350ba 2.301029995663981 1 49 1 5 32.593433064208924
dogs 2.301029995663981 1 180 1 2 5.294739040945379
store 2.301029995663981 1 37 1 5 18.095993664559504
college 2.301029995663981 1 110 1 0 17.698053655887467
parts 2.301029995663981 1 59 1 8 45.68455542285613
champions 2.301029995663981 1 121 1 2 16.403314614942087
over 0.0 1 171 1 1 12.70921594137279
roll 2.0 2 16 1 2 10.88649907563353
roll 2.0 2 15 1 2 12.18123811657891
2011 2.301029995663981 1 190 1 4 20.157613063508727
rubins 2.301029995663981 1 59 1 1 45.68455542285613
2010 2.301029995663981 1 117 1 5 28.287531737778227
jet 2.0 2 69 1 0 25.17895616378152
jet 2.0 2 45 1 1 16.70921594137279
black 1.6989700043360185 4 178 1 0 21.0488103084536
black 1.6989700043360185 4 176 1 0 39.94967236225119
black 1.6989700043360185 4 193 1 0 26.18519309889708
black 1.6989700043360185 4 192 1 0 20.724952466315646
343 2.301029995663981 1 67 1 4 41.06317328661766
goddess 2.301029995663981 1 98 1 4 25.178956163781518
shows 2.301029995663981 1 192 1 2 20.724952466315646
smoke 2.301029995663981 1 88 1 2 7.248975308791356
1 2.301029995663981 1 172 1 2 28.593433064208927
5 2.301029995663981 1 49 1 3 32.593433064208924
stadium 2.0 2 124 1 2 11.248975308791357
stadium 2.0 2 123 1 5 32.42793147257288
sneeze 2.301029995663981 1 184 1 4 34.5476693320549
salmon 2.301029995663981 1 22 1 2 18.770716198469668
air 2.0 2 136 1 4 5.813836533051328
air 2.0 2 67 1 0 41.06317328661766
alex 2.301029995663981 1 126 1 0 10.589478081890759
view 2.301029995663981 1 73 1 4 23.74555237959527
retiring 2.301029995663981 1 191 1 0 14.86287402256335
go 0.0 1 96 1 3 7.108575573996708
du 2.301029995663981 1 117 1 2 28.287531737778227
finals 2.301029995663981 1 124 1 1 11.248975308791357
truck 2.301029995663981 1 32 1 1 7.108575573996708
made 2.301029995663981 1 23 1 1 23.133192431627492
six 0.0 1 129 1 5 23.133192431627496
elephants 1.8239087409443187 3 166 1 2 8.62138213623847
elephants 1.8239087409443187 3 165 1 3 17.91612117718385
elephants 1.8239087409443187 3 164 1 1 19.21086021812923
checkmate 2.0 2 93 1 2 23.11031056555049
checkmate 2.0 2 90 1 0 5.954236267845976
rarest 2.301029995663981 1 172 1 3 28.593433064208927
di 2.0 2 1 1 4 26.00395498231817
di 2.0 2 7 1 1 41.88817210515431
chiefs 2.301029995663981 1 125 1 0 12.543714349736735
zucchine 2.301029995663981 1 7 1 5 41.88817210515431
cutest 2.301029995663981 1 184 1 3 34.5476693320549
lotherton 2.301029995663981 1 175 1 0 18.00395498231817
f 0.0 1 66 1 0 13.91612117718385
orcs 2.301029995663981 1 149 1 0 11.248975308791355
lizard 2.301029995663981 1 95 1 1 12.403314614942087
e 0.0 1 7 1 6 41.88817210515431
c 0.0 1 67 1 5 41.06317328661766
bison 2.301029995663981 1 18 1 0 10.589478081890759
a 0.0 8 155 1 2 13.91612117718385
a 0.0 8 99 1 0 3.9335743925333584
a 0.0 8 23 1 4 23.133192431627492
a 0.0 8 93 1 4 23.11031056555049
a 0.0 8 8 1 3 16.80262025281738
a 0.0 8 179 1 7 21.33059807761126
a 0.0 8 107 1 3 12.88157372526377
a 0.0 8 135 1 4 62.761226942505125
n 0.0 1 79 1 2 22.09735929376276
sawasdee 2.301029995663981 1 163 1 1 12.908637754717374
morning 2.301029995663981 1 183 1 3 23.298694023263547
merluzzo 2.301029995663981 1 1 1 5 26.00395498231817
boat 1.6020599913279623 5 70 1 5 18.45081333864989
boat 1.6020599913279623 5 71 1 0 7.86133525675913
boat 1.6020599913279623 5 76 1 2 7.86133525675913
boat 1.6020599913279623 5 72 1 1 7.86133525675913
boat 1.6020599913279623 5 73 1 7 23.74555237959527
i 0.0 1 23 1 0 23.133192431627492
bird 1.455931955649724 7 171 1 0 12.70921594137279
bird 1.455931955649724 7 170 1 1 11.41447690042741
bird 1.455931955649724 7 169 1 0 8.438897532308644
bird 1.455931955649724 7 168 1 2 12.70921594137279
bird 1.455931955649724 7 175 1 2 18.00395498231817
bird 1.455931955649724 7 174 1 2 22.00395498231817
bird 1.455931955649724 7 173 1 2 12.70921594137279
yes 0.0 1 6 1 1 7.41447690042741
new 0.0 2 147 1 0 5.280879363139066
new 0.0 2 73 1 0 23.74555237959527
red 2.301029995663981 1 152 1 0 10.500397789405525
tile 2.301029995663981 1 109 1 4 23.91119582681409
base 2.301029995663981 1 64 1 4 17.916121177183847
em 2.301029995663981 1 194 1 0 16.70921594137279
lego 2.0 2 133 1 0 15.108575573996706
lego 2.0 2 31 1 0 7.506515582668747
x 0.0 1 88 1 1 7.248975308791356
youthlink 2.301029995663981 2 116 2 0 1 28.287531737778227
britain 2.301029995663981 1 121 1 0 16.403314614942087
studio 2.301029995663981 2 135 2 1 11 62.761226942505125
player 2.0 2 133 1 3 15.108575573996706
player 2.0 2 135 1 8 62.761226942505125
toon 2.301029995663981 1 83 1 3 23.498115836608132
hal 2.301029995663981 1 105 1 5 21.698053655887467
by 0.0 4 142 1 5 33.72267051351825
by 0.0 4 7 1 9 41.88817210515431
by 0.0 4 178 1 7 21.0488103084536
by 0.0 4 135 1 9 62.761226942505125
plays 2.301029995663981 1 89 1 2 49.606887636354394
breaded 2.301029995663981 1 22 1 1 18.770716198469668
bikini 2.301029995663981 1 98 1 2 25.178956163781518
close 2.301029995663981 1 200 1 5 18.60245525247963
pole 2.301029995663981 1 79 1 3 22.09735929376276
010 2.301029995663981 1 79 1 5 22.09735929376276
occhipiuverdi 2.301029995663981 1 7 1 10 41.88817210515431
planes 2.301029995663981 1 65 1 2 14.589478081890759
gadsden 2.301029995663981 1 132 1 4 33.582270778723604
maki 2.301029995663981 1 17 1 1 12.18123811657891
bryant 2.301029995663981 1 120 1 6 25.849695569717206
monitor 2.301029995663981 1 95 1 0 12.403314614942087
allen's 2.301029995663981 1 173 1 0 12.70921594137279
afghanistan 2.301029995663981 1 44 1 4 18.003954982318167
wheels 2.301029995663981 1 77 1 2 31.209613730778315
arkady 2.301029995663981 1 89 1 8 49.606887636354394
learn 2.301029995663981 1 148 1 2 14.58947808189076
display 2.301029995663981 1 62 1 1 13.91612117718385
sonoma 2.301029995663981 1 190 1 0 20.157613063508727
portrait 2.301029995663981 1 135 1 2 62.761226942505125
cream 2.301029995663981 1 11 1 1 11.06773719221244
and 0.0 10 154 1 1 11.613898713771995
and 0.0 10 101 1 2 7.108575573996708
and 0.0 10 86 1 2 11.248975308791355
and 0.0 10 4 1 7 33.888172105154304
and 0.0 10 20 1 1 8.18123811657891
and 0.0 10 178 1 3 21.0488103084536
and 0.0 10 93 1 3 23.11031056555049
and 0.0 10 10 1 3 24.06545523941505
and 0.0 10 29 1 1 12.543714349736735
and 0.0 10 166 1 1 8.62138213623847
amy 2.301029995663981 1 70 1 0 18.45081333864989
cn 2.301029995663981 1 67 1 7 41.06317328661766
serving 2.301029995663981 1 44 1 2 18.003954982318167
prosciutto 2.301029995663981 1 29 1 2 12.543714349736735
bmw 1.8239087409443187 3 80 1 0 21.530019890955845
bmw 1.8239087409443187 3 78 1 2 21.530019890955845
bmw 1.8239087409443187 3 79 1 0 22.09735929376276
day 1.6989700043360185 4 152 1 2 10.500397789405525
day 1.6989700043360185 4 187 1 3 15.430213425370267
day 1.6989700043360185 4 114 1 2 13.995074649630238
day 1.6989700043360185 4 107 1 5 12.88157372526377
walk 2.301029995663981 1 183 1 4 23.298694023263547
tempura 2.301029995663981 1 14 1 1 15.884217122836137
mushroom 2.301029995663981 1 5 1 0 12.70921594137279
olympic 1.8239087409443187 3 100 1 1 9.140479628344417
olympic 1.8239087409443187 3 112 1 1 23.72995771023518
olympic 1.8239087409443187 3 109 1 0 23.91119582681409
mufc 2.301029995663981 1 123 1 6 32.42793147257288
135 2.301029995663981 1 35 1 6 24.230182363039738
van 2.301029995663981 1 30 1 1 7.248975308791356
132 2.0 2 34 1 4 14.159801773254927
132 2.0 2 33 1 4 14.159801773254927
sunken 2.301029995663981 1 72 1 0 7.86133525675913
airplanes 2.301029995663981 1 60 1 3 15.884217122836137
steaks 2.301029995663981 1 18 1 1 10.589478081890759
today 2.301029995663981 1 23 1 7 23.133192431627492
reflections 2.301029995663981 1 71 1 1 7.86133525675913
landscape 2.301029995663981 1 85 1 5 34.27859741034167
island 2.0 2 140 1 0 9.280879363139066
island 2.0 2 42 1 1 14.58947808189076
seals 2.301029995663981 1 162 1 1 7.613898713771994
flying 2.301029995663981 1 142 1 3 33.72267051351825
england 2.301029995663981 1 123 1 2 32.42793147257288
ice 1.6989700043360185 4 109 1 1 23.91119582681409
ice 1.6989700043360185 4 11 1 0 11.06773719221244
ice 1.6989700043360185 4 107 1 0 12.88157372526377
ice 1.6989700043360185 4 104 1 2 15.289813690575619
sushi 1.6989700043360185 4 17 1 2 12.18123811657891
sushi 1.6989700043360185 4 16 1 1 10.88649907563353
sushi 1.6989700043360185 4 13 1 2 22.77071619846967
sushi 1.6989700043360185 4 15 1 1 12.18123811657891
pilot 2.301029995663981 1 44 1 1 18.003954982318167
doyle 2.301029995663981 1 89 1 1 49.606887636354394
swim 2.301029995663981 1 98 1 0 25.178956163781518
showing 2.301029995663981 1 129 1 2 23.133192431627496
men 2.301029995663981 1 94 1 1 12.543714349736735
all 0.0 1 156 1 1 7.32664309529309
anniversary 2.301029995663981 1 78 1 1 21.530019890955845
snead 2.301029995663981 1 132 1 0 33.582270778723604
boats 1.8239087409443187 3 68 1 0 3.3266430952930897
boats 1.8239087409443187 3 74 1 1 7.32664309529309
boats 1.8239087409443187 3 75 1 3 17.91612117718385
at 0.0 5 188 1 3 11.248975308791357
at 0.0 5 97 1 2 21.024696751180556
at 0.0 5 179 1 0 21.33059807761126
at 0.0 5 92 1 1 12.543714349736735
at 0.0 5 105 1 3 21.698053655887467
sea 2.301029995663981 1 150 1 1 12.908637754717374
walter 2.301029995663981 1 128 1 0 21.838453390682115
photos 2.301029995663981 1 70 1 2 18.45081333864989
urban 2.301029995663981 1 58 1 0 10.589478081890759
tauranga 2.301029995663981 1 43 1 2 12.70921594137279
great 1.8239087409443187 3 200 1 1 18.60245525247963
great 1.8239087409443187 3 197 1 0 12.012977170588869
great 1.8239087409443187 3 199 1 0 18.60245525247963
rag 2.301029995663981 1 5 1 1 12.70921594137279
sandwich 1.6989700043360185 4 8 1 1 16.80262025281738
sandwich 1.6989700043360185 4 10 1 2 24.06545523941505
sandwich 1.6989700043360185 4 11 1 2 11.06773719221244
sandwich 1.6989700043360185 4 12 1 1 8.18123811657891
female 2.301029995663981 1 200 1 0 18.60245525247963
royal 2.301029995663981 1 48 1 5 28.59343306420893
pendant 2.301029995663981 1 109 1 5 23.91119582681409
nana 2.301029995663981 1 185 1 2 7.248975308791356
suit 2.301029995663981 1 98 1 1 25.178956163781518
off 0.0 1 129 1 3 23.133192431627496
brown 2.301029995663981 1 184 1 1 34.5476693320549
lions 1.8239087409443187 3 155 1 0 13.91612117718385
lions 1.8239087409443187 3 156 1 0 7.32664309529309
lions 1.8239087409443187 3 157 1 0 12.62138213623847
why 0.0 1 6 1 0 7.41447690042741
broadway 2.301029995663981 1 28 1 0 7.248975308791356
plaza 2.301029995663981 1 97 1 4 21.024696751180556
cup 1.8239087409443187 3 119 1 3 17.84969556971721
cup 1.8239087409443187 3 159 1 5 18.355018709492494
cup 1.8239087409443187 3 120 1 4 25.849695569717206
attacking 2.0 2 169 1 1 8.438897532308644
attacking 2.0 2 156 1 2 7.32664309529309
harbor 2.0 2 74 1 0 7.32664309529309
harbor 2.0 2 75 1 1 17.91612117718385
n110tv 2.301029995663981 1 49 1 6 32.593433064208924
street 2.301029995663981 1 116 1 2 28.287531737778227
thailand 2.301029995663981 1 163 1 0 12.908637754717374
shuttle 1.301029995663981 10 34 1 1 14.159801773254927
shuttle 1.301029995663981 10 35 1 3 24.230182363039738
shuttle 1.301029995663981 10 33 1 1 14.159801773254927
shuttle 1.301029995663981 10 38 1 1 3.5065155826687464
shuttle 1.301029995663981 10 39 1 1 7.506515582668746
shuttle 1.301029995663981 10 36 1 1 3.5065155826687464
shuttle 1.301029995663981 10 37 1 1 18.095993664559504
shuttle 1.301029995663981 10 40 1 0 6.987418090562798
shuttle 1.301029995663981 10 41 1 1 7.506515582668746
shuttle 1.301029995663981 10 31 1 2 7.506515582668747
yankees 2.301029995663981 1 137 1 0 12.403314614942087
french 2.301029995663981 1 65 1 0 14.589478081890759
homemade 2.301029995663981 1 13 1 1 22.77071619846967
chessmen 2.301029995663981 1 87 1 1 10.589478081890759
birds 2.301029995663981 1 172 1 4 28.593433064208927
pugsley 2.301029995663981 1 56 1 0 32.42793147257287
of 0.0 11 35 1 2 24.230182363039738
of 0.0 11 101 1 4 7.108575573996708
of 0.0 11 144 1 7 19.884217122836137
of 0.0 11 128 1 4 21.838453390682115
of 0.0 11 77 1 1 31.209613730778315
of 0.0 11 199 1 5 18.60245525247963
of 0.0 11 161 1 2 12.908637754717374
of 0.0 11 192 1 5 20.724952466315646
of 0.0 11 62 1 2 13.91612117718385
of 0.0 11 135 2 3 12 62.761226942505125
help 0.0 1 76 1 0 7.86133525675913
zoo 2.301029995663981 1 158 1 1 11.613898713771995
trafford 2.301029995663981 1 123 1 1 32.42793147257288
feast 2.301029995663981 1 157 1 4 12.62138213623847
pecorino 2.301029995663981 1 4 1 8 33.888172105154304
on 0.0 10 70 1 3 18.45081333864989
on 0.0 10 53 1 1 7.248975308791356
on 0.0 10 6 1 5 7.41447690042741
on 0.0 10 8 1 2 16.80262025281738
on 0.0 10 182 1 1 7.41447690042741
on 0.0 10 183 1 0 23.298694023263547
on 0.0 10 13 1 3 22.77071619846967
on 0.0 10 165 1 2 17.91612117718385
on 0.0 10 194 1 3 16.70921594137279
on 0.0 10 181 1 3 23.29869402326355
whip 2.301029995663981 1 168 1 1 12.70921594137279
chef 2.301029995663981 1 27 1 1 12.543714349736735
olives 2.301029995663981 1 4 1 6 33.888172105154304
helicopter 1.455931955649724 7 49 1 2 32.593433064208924
helicopter 1.455931955649724 7 48 1 2 28.59343306420893
helicopter 1.455931955649724 7 43 1 0 12.70921594137279
helicopter 1.455931955649724 7 46 1 1 7.41447690042741
helicopter 1.455931955649724 7 47 1 2 9.534214759909439
helicopter 1.455931955649724 7 44 1 0 18.003954982318167
helicopter 1.455931955649724 7 45 1 3 16.70921594137279
wild 2.301029995663981 1 164 1 0 19.21086021812923
ring 2.301029995663981 1 145 1 6 20.15761306350873
heart 2.301029995663981 1 23 1 5 23.133192431627492
monterey 2.301029995663981 1 75 1 0 17.91612117718385
ou 2.301029995663981 1 110 1 2 17.698053655887467
borango 2.301029995663981 1 164 1 3 19.21086021812923
museum 2.301029995663981 1 153 1 4 12.908637754717374
helicopters 2.301029995663981 1 42 1 2 14.58947808189076
privada 2.301029995663981 1 142 1 1 33.72267051351825
thompson's 2.301029995663981 1 59 1 6 45.68455542285613
vacation 2.301029995663981 1 179 1 8 21.33059807761126
tara 2.301029995663981 1 167 1 0 16.908637754717375
county 2.301029995663981 1 190 1 1 20.157613063508727
katie 2.301029995663981 1 178 1 8 21.0488103084536
redsox 2.0 2 139 1 0 9.813836533051328
redsox 2.0 2 138 1 2 16.40331461494209
bicylcle 2.301029995663981 1 52 1 1 7.248975308791356
colony 2.301029995663981 1 134 1 0 17.698053655887467
auto 2.0 2 82 1 5 31.498115836608136
auto 2.0 2 77 1 3 31.209613730778315
delivery 2.301029995663981 1 25 1 2 12.543714349736735
small 2.301029995663981 1 146 1 4 14.86287402256335
heading 2.301029995663981 1 64 1 2 17.916121177183847
austria 2.301029995663981 1 85 1 7 34.27859741034167
shore 2.301029995663981 1 182 1 3 7.41447690042741
home 2.301029995663981 1 192 1 7 20.724952466315646
indiana 2.301029995663981 1 77 1 6 31.209613730778315
getting 0.0 1 127 1 0 7.248975308791356
cordillerana 2.301029995663981 1 176 1 5 39.94967236225119
shawn 2.301029995663981 1 89 1 0 49.606887636354394
johnny 2.301029995663981 1 138 1 0 16.40331461494209
bored 2.301029995663981 1 150 1 0 12.908637754717374
nosy 2.301029995663981 1 188 1 0 11.248975308791357
closes 2.301029995663981 1 194 1 1 16.70921594137279
cute 2.301029995663981 1 186 1 0 15.884217122836137
space 1.346787486224656 9 34 1 0 14.159801773254927
space 1.346787486224656 9 32 1 0 7.108575573996708
space 1.346787486224656 9 33 1 0 14.159801773254927
space 1.346787486224656 9 38 1 0 3.5065155826687464
space 1.346787486224656 9 39 1 0 7.506515582668746
space 1.346787486224656 9 36 1 0 3.5065155826687464
space 1.346787486224656 9 37 1 0 18.095993664559504
space 1.346787486224656 9 41 1 0 7.506515582668746
space 1.346787486224656 9 31 1 1 7.506515582668747
across 0.0 1 69 1 2 25.17895616378152
chicken 1.8239087409443187 3 19 1 0 11.507881211872
chicken 1.8239087409443187 3 8 1 0 16.80262025281738
chicken 1.8239087409443187 3 24 1 0 10.575618404084445
me 0.0 1 188 1 4 11.248975308791357
zealand 2.301029995663981 1 73 1 1 23.74555237959527
veggie 2.301029995663981 1 14 1 0 15.884217122836137
water 2.301029995663981 1 199 1 6 18.60245525247963
lion 1.5228787452803374 6 152 1 1 10.500397789405525
lion 1.5228787452803374 6 153 1 0 12.908637754717374
lion 1.5228787452803374 6 154 1 0 11.613898713771995
lion 1.5228787452803374 6 158 1 2 11.613898713771995
lion 1.5228787452803374 6 150 1 2 12.908637754717374
lion 1.5228787452803374 6 151 1 0 7.613898713771994
scrabble 2.301029995663981 1 109 1 3 23.91119582681409
british 2.301029995663981 1 153 1 3 12.908637754717374
vintage 2.301029995663981 1 50 1 0 7.248975308791356
endgame's 2.301029995663981 1 89 1 3 49.606887636354394
my 0.0 4 185 1 0 7.248975308791356
my 0.0 4 96 1 2 7.108575573996708
my 0.0 4 23 1 2 23.133192431627492
my 0.0 4 6 1 6 7.41447690042741
master 2.301029995663981 1 89 1 5 49.606887636354394
obp 2.301029995663981 1 172 1 0 28.593433064208927
kiplings 2.301029995663981 1 167 1 1 16.908637754717375
1950s 2.301029995663981 1 135 1 0 62.761226942505125
plane 1.8239087409443187 3 64 1 1 17.916121177183847
plane 1.8239087409443187 3 66 1 2 13.91612117718385
plane 1.8239087409443187 3 62 1 3 13.91612117718385
imageloger 2.301029995663981 1 51 1 2 17.838453390682115
square 2.301029995663981 1 91 1 4 11.248975308791355
detective 2.301029995663981 1 89 1 7 49.606887636354394
interior 2.301029995663981 1 62 1 0 13.91612117718385
tofu 2.0 2 17 1 0 12.18123811657891
tofu 2.0 2 16 1 0 10.88649907563353
vociferans 2.301029995663981 1 174 1 4 22.00395498231817
elmo 2.301029995663981 1 27 1 2 12.543714349736735
ranger 2.301029995663981 1 45 1 2 16.70921594137279
spain 2.301029995663981 1 119 1 0 17.84969556971721
military 2.0 2 64 1 0 17.916121177183847
military 2.0 2 65 1 1 14.589478081890759
volkswagen 1.8239087409443187 3 85 1 0 34.27859741034167
volkswagen 1.8239087409443187 3 84 1 2 19.121779925643995
volkswagen 1.8239087409443187 3 81 1 0 9.09964124656015
love 2.301029995663981 1 23 1 3 23.133192431627492
lewis 2.301029995663981 1 87 1 0 10.589478081890759
his 0.0 1 86 1 3 11.248975308791355
family 1.8239087409443187 3 143 1 1 5.280879363139066
family 1.8239087409443187 3 179 1 5 21.33059807761126
family 1.8239087409443187 3 147 1 4 5.280879363139066
when 0.0 1 148 1 0 14.58947808189076
nelson 2.301029995663981 1 178 1 9 21.0488103084536
braylon 2.301029995663981 1 129 1 0 23.133192431627496
dakota 2.301029995663981 1 135 1 15 62.761226942505125
m3 2.301029995663981 1 80 1 1 21.530019890955845
team 2.301029995663981 1 112 1 3 23.72995771023518
gpower 2.301029995663981 1 80 1 2 21.530019890955845
league 2.0 2 135 1 6 62.761226942505125
league 2.0 2 121 1 3 16.403314614942087
coupe 2.301029995663981 1 117 1 1 28.287531737778227
pizza 1.3979400086720375 8 23 1 6 23.133192431627492
pizza 1.3979400086720375 8 25 1 1 12.543714349736735
pizza 1.3979400086720375 8 24 1 2 10.575618404084445
pizza 1.3979400086720375 8 27 1 0 12.543714349736735
pizza 1.3979400086720375 8 26 1 1 7.248975308791356
pizza 1.3979400086720375 8 29 1 3 12.543714349736735
pizza 1.3979400086720375 8 28 1 1 7.248975308791356
pizza 1.3979400086720375 8 30 1 0 7.248975308791356
la 2.301029995663981 1 181 1 4 23.29869402326355
eastern 2.301029995663981 1 168 1 0 12.70921594137279
rainbow 2.301029995663981 1 12 1 0 8.18123811657891
manchester 2.301029995663981 1 123 1 3 32.42793147257288
st600 2.301029995663981 1 51 1 1 17.838453390682115
rabbit 1.6989700043360185 4 85 1 2 34.27859741034167
rabbit 1.6989700043360185 4 84 1 3 19.121779925643995
rabbit 1.6989700043360185 4 81 1 1 9.09964124656015
rabbit 1.6989700043360185 4 178 1 2 21.0488103084536
hs 2.301029995663981 1 134 1 1 17.698053655887467
loss 2.301029995663981 1 93 1 6 23.11031056555049
elephant 1.5228787452803374 6 159 1 2 18.355018709492494
elephant 1.5228787452803374 6 163 1 2 12.908637754717374
elephant 1.5228787452803374 6 162 1 0 7.613898713771994
elephant 1.5228787452803374 6 161 1 3 12.908637754717374
elephant 1.5228787452803374 6 160 1 1 6.319159672826615
elephant 1.5228787452803374 6 167 1 3 16.908637754717375
chess 1.3979400086720375 8 86 1 0 11.248975308791355
chess 1.3979400086720375 8 93 1 1 23.11031056555049
chess 1.3979400086720375 8 92 1 0 12.543714349736735
chess 1.3979400086720375 8 94 1 0 12.543714349736735
chess 1.3979400086720375 8 89 1 4 49.606887636354394
chess 1.3979400086720375 8 88 1 0 7.248975308791356
chess 1.3979400086720375 8 91 1 1 11.248975308791355
chess 1.3979400086720375 8 90 1 1 5.954236267845976
damon 2.301029995663981 1 138 1 1 16.40331461494209
indoors 2.301029995663981 1 40 1 1 6.987418090562798
cheese 2.301029995663981 1 9 1 3 10.589478081890759
uova 2.301029995663981 1 1 1 3 26.00395498231817
from 0.0 4 157 1 2 12.62138213623847
from 0.0 4 145 1 3 20.15761306350873
from 0.0 4 95 1 4 12.403314614942087
from 0.0 4 73 1 5 23.74555237959527
roger 2.301029995663981 1 83 1 0 23.498115836608132
seychelles 2.301029995663981 1 181 1 0 23.29869402326355
war 2.301029995663981 1 47 1 1 9.534214759909439
while 0.0 1 179 1 3 21.33059807761126
father 2.301029995663981 1 128 1 3 21.838453390682115
playing 2.301029995663981 1 60 1 0 15.884217122836137
army 2.301029995663981 1 86 1 4 11.248975308791355
griffin 2.301029995663981 1 82 1 0 31.498115836608136
japan 2.301029995663981 1 37 1 4 18.095993664559504
is 0.0 2 136 1 1 5.813836533051328
is 0.0 2 6 1 3 7.41447690042741
ciliegino 2.301029995663981 1 7 1 8 41.88817210515431
francisco 2.301029995663981 1 63 1 1 13.91612117718385
indian 2.0 2 112 1 0 23.72995771023518
indian 2.0 2 160 1 0 6.319159672826615
rugby 2.301029995663981 1 135 1 13 62.761226942505125
nancy 2.301029995663981 1 59 1 0 45.68455542285613
in 0.0 16 136 1 2 5.813836533051328
in 0.0 16 101 1 1 7.108575573996708
in 0.0 16 37 1 3 18.095993664559504
in 0.0 16 172 1 5 28.593433064208927
in 0.0 16 193 1 4 26.18519309889708
in 0.0 16 107 1 2 12.88157372526377
in 0.0 16 44 1 3 18.003954982318167
in 0.0 16 194 1 2 16.70921594137279
in 0.0 16 164 1 2 19.21086021812923
in 0.0 16 184 1 5 34.5476693320549
in 0.0 16 154 1 3 11.613898713771995
in 0.0 16 144 1 4 19.884217122836137
in 0.0 16 146 1 2 14.86287402256335
in 0.0 16 147 1 2 5.280879363139066
in 0.0 16 183 1 5 23.298694023263547
in 0.0 16 91 1 2 11.248975308791355
print 2.301029995663981 1 161 1 1 12.908637754717374
pig 1.3979400086720375 8 141 1 0 7.248975308791356
pig 1.3979400086720375 8 140 1 1 9.280879363139066
pig 1.3979400086720375 8 143 1 0 5.280879363139066
pig 1.3979400086720375 8 142 1 4 33.72267051351825
pig 1.3979400086720375 8 145 1 0 20.15761306350873
pig 1.3979400086720375 8 146 1 0 14.86287402256335
pig 1.3979400086720375 8 147 1 1 5.280879363139066
pig 1.3979400086720375 8 149 1 3 11.248975308791355
rim 2.301029995663981 1 55 1 1 7.248975308791356
balagan 2.301029995663981 1 89 1 9 49.606887636354394
two 0.0 1 180 1 0 5.294739040945379
away 0.0 1 95 1 3 12.403314614942087
wednesday 2.301029995663981 1 183 1 2 23.298694023263547
football 1.3979400086720375 8 129 1 7 23.133192431627496
football 1.3979400086720375 8 127 1 3 7.248975308791356
football 1.3979400086720375 8 128 1 6 21.838453390682115
football 1.3979400086720375 8 125 1 3 12.543714349736735
football 1.3979400086720375 8 130 1 2 17.838453390682115
football 1.3979400086720375 8 124 1 0 11.248975308791357
football 1.3979400086720375 8 123 1 4 32.42793147257288
football 1.3979400086720375 8 122 1 1 7.248975308791356
eating 1.8239087409443187 3 2 1 2 13.446380954775119
eating 1.8239087409443187 3 3 1 2 13.446380954775119
eating 1.8239087409443187 3 140 1 2 9.280879363139066
night 2.301029995663981 1 13 1 5 22.77071619846967
hotel 2.301029995663981 1 179 1 2 21.33059807761126
navy 2.301029995663981 1 48 1 7 28.59343306420893
local 2.301029995663981 1 103 1 1 15.729957710235176
breaking 2.301029995663981 1 199 1 3 18.60245525247963
estate 2.301029995663981 1 142 1 7 33.72267051351825
aerospatiale 2.301029995663981 1 49 1 4 32.593433064208924
gmc 2.301029995663981 1 115 1 0 7.108575573996708
osaka 2.301029995663981 1 57 1 1 7.248975308791356
statues 2.301029995663981 1 94 1 2 12.543714349736735
17th 2.301029995663981 1 187 1 0 15.430213425370267
39 2.301029995663981 1 105 1 0 21.698053655887467
ready 2.301029995663981 1 127 1 1 7.248975308791356
chas' 2.301029995663981 1 59 1 2 45.68455542285613
metriopelia 2.301029995663981 1 176 1 6 39.94967236225119
staring 2.0 2 170 1 2 11.41447690042741
staring 2.0 2 188 1 2 11.248975308791357
arena 2.301029995663981 1 146 1 5 14.86287402256335
baseball 1.346787486224656 9 137 1 1 12.403314614942087
baseball 1.346787486224656 9 136 1 0 5.813836533051328
baseball 1.346787486224656 9 139 1 1 9.813836533051328
baseball 1.346787486224656 9 138 1 3 16.40331461494209
baseball 1.346787486224656 9 131 1 1 12.403314614942087
baseball 1.346787486224656 9 133 1 2 15.108575573996706
baseball 1.346787486224656 9 132 1 2 33.582270778723604
baseball 1.346787486224656 9 135 1 7 62.761226942505125
baseball 1.346787486224656 9 134 1 3 17.698053655887467
snow 2.301029995663981 1 56 1 6 32.42793147257287
dancer 2.301029995663981 1 151 1 1 7.613898713771994
kobe 2.301029995663981 1 120 1 5 25.849695569717206
pitbulls 2.301029995663981 1 104 1 1 15.289813690575619
ends 2.301029995663981 1 130 1 4 17.838453390682115
international 2.301029995663981 1 187 1 1 15.430213425370267
papa 2.301029995663981 1 53 1 0 7.248975308791356
patriots 2.301029995663981 1 130 1 1 17.838453390682115
winged 2.301029995663981 1 176 1 1 39.94967236225119
vw 2.0 2 85 1 4 34.27859741034167
vw 2.0 2 82 1 2 31.498115836608136
1980 2.301029995663981 1 84 1 1 19.121779925643995
30 2.0 2 184 1 8 34.5476693320549
30 2.0 2 114 1 3 13.995074649630238
ketchup 2.301029995663981 1 6 1 4 7.41447690042741
hanoi 2.301029995663981 1 97 1 5 21.024696751180556
men's 2.0 2 100 1 0 9.140479628344417
men's 2.0 2 111 1 0 15.108575573996706
coming 2.301029995663981 1 145 1 1 20.15761306350873
onions 2.301029995663981 1 4 1 4 33.888172105154304
strands 2.301029995663981 1 135 1 10 62.761226942505125
melanoptera 2.301029995663981 1 176 1 7 39.94967236225119
16 2.301029995663981 1 66 1 1 13.91612117718385
vs 0.0 3 110 1 3 17.698053655887467
vs 0.0 3 125 1 1 12.543714349736735
vs 0.0 3 132 1 3 33.582270778723604
run 2.301029995663981 1 183 1 8 23.298694023263547
usa 2.301029995663981 1 131 1 2 12.403314614942087
sinking 2.301029995663981 1 76 1 1 7.86133525675913
personal 2.301029995663981 1 75 1 2 17.91612117718385
american 2.301029995663981 1 128 1 5 21.838453390682115
bricks 2.301029995663981 1 144 1 8 19.884217122836137
uss 2.301029995663981 1 48 1 0 28.59343306420893
kanchanaburi 2.301029995663981 1 102 1 4 21.024696751180556
soccer 1.346787486224656 9 119 1 1 17.84969556971721
soccer 1.346787486224656 9 118 1 3 15.108575573996706
soccer 1.346787486224656 9 117 1 0 28.287531737778227
soccer 1.346787486224656 9 116 1 3 28.287531737778227
soccer 1.346787486224656 9 115 1 1 7.108575573996708
soccer 1.346787486224656 9 114 1 0 13.995074649630238
soccer 1.346787486224656 9 113 1 2 12.403314614942087
soccer 1.346787486224656 9 121 1 1 16.403314614942087
soccer 1.346787486224656 9 120 1 2 25.849695569717206
buffalo 2.301029995663981 1 155 1 3 13.91612117718385
park 2.301029995663981 1 193 1 7 26.18519309889708
reef 2.301029995663981 1 193 1 2 26.18519309889708
weaver 2.301029995663981 1 170 1 0 11.41447690042741
chard 2.301029995663981 1 4 1 3 33.888172105154304
back 2.301029995663981 1 145 1 2 20.15761306350873
us 0.0 2 95 1 5 12.403314614942087
us 0.0 2 177 1 0 9.733636573254024
humming 2.301029995663981 1 173 1 1 12.70921594137279
up 0.0 1 200 1 4 18.60245525247963
uiuc 2.301029995663981 1 144 1 0 19.884217122836137
tv 2.0 2 49 1 1 32.593433064208924
tv 2.0 2 13 1 4 22.77071619846967
south 2.0 2 118 1 0 15.108575573996706
south 2.0 2 120 1 0 25.849695569717206
choclate 2.301029995663981 1 101 1 5 7.108575573996708
berlin 2.0 2 158 1 0 11.613898713771995
berlin 2.0 2 112 1 5 23.72995771023518
edwards 2.301029995663981 1 129 1 1 23.133192431627496
dog 1.455931955649724 7 99 1 2 3.9335743925333584
dog 1.455931955649724 7 178 1 6 21.0488103084536
dog 1.455931955649724 7 179 1 1 21.33059807761126
dog 1.455931955649724 7 177 1 2 9.733636573254024
dog 1.455931955649724 7 182 1 0 7.41447690042741
dog 1.455931955649724 7 183 1 7 23.298694023263547
dog 1.455931955649724 7 181 1 2 23.29869402326355
garden 2.301029995663981 1 175 1 3 18.00395498231817
world 1.455931955649724 7 119 1 2 17.84969556971721
world 1.455931955649724 7 184 1 7 34.5476693320549
world 1.455931955649724 7 172 1 7 28.593433064208927
world 1.455931955649724 7 159 1 4 18.355018709492494
world 1.455931955649724 7 77 1 0 31.209613730778315
world 1.455931955649724 7 47 1 0 9.534214759909439
world 1.455931955649724 7 120 1 3 25.849695569717206
to 0.0 2 186 1 3 15.884217122836137
to 0.0 2 148 1 3 14.58947808189076
salad 2.301029995663981 1 10 1 1 24.06545523941505
con 2.0 2 1 1 1 26.00395498231817
con 2.0 2 7 1 3 41.88817210515431
burger 2.301029995663981 1 8 1 4 16.80262025281738
hall 2.301029995663981 1 175 1 1 18.00395498231817
thai 2.301029995663981 1 48 1 6 28.59343306420893
kalamata 2.301029995663981 1 4 1 5 33.888172105154304
takes 2.301029995663981 1 179 1 6 21.33059807761126
spaghetti 1.455931955649724 7 1 1 0 26.00395498231817
spaghetti 1.455931955649724 7 2 1 1 13.446380954775119
spaghetti 1.455931955649724 7 3 1 1 13.446380954775119
spaghetti 1.455931955649724 7 4 1 0 33.888172105154304
spaghetti 1.455931955649724 7 5 1 3 12.70921594137279
spaghetti 1.455931955649724 7 6 1 7 7.41447690042741
spaghetti 1.455931955649724 7 7 1 0 41.88817210515431
cars 1.6989700043360185 4 85 1 1 34.27859741034167
cars 1.6989700043360185 4 81 1 2 9.09964124656015
cars 1.6989700043360185 4 77 1 8 31.209613730778315
cars 1.6989700043360185 4 79 1 1 22.09735929376276
oakland 2.301029995663981 1 110 1 4 17.698053655887467
springs 2.301029995663981 1 164 1 4 19.21086021812923
bristol 2.301029995663981 1 104 1 0 15.289813690575619
china 2.301029995663981 1 154 1 4 11.613898713771995
canada 2.301029995663981 1 67 1 1 41.06317328661766
white 1.6020599913279623 5 200 1 2 18.60245525247963
white 1.6020599913279623 5 197 1 1 12.012977170588869
white 1.6020599913279623 5 178 1 4 21.0488103084536
white 1.6020599913279623 5 93 1 8 23.11031056555049
white 1.6020599913279623 5 199 1 1 18.60245525247963
jeffrey 2.301029995663981 1 184 1 0 34.5476693320549
farro 2.301029995663981 1 7 1 2 41.88817210515431
airbus 2.301029995663981 1 67 1 2 41.06317328661766
dove 2.301029995663981 1 176 1 3 39.94967236225119
boating 2.301029995663981 1 69 1 1 25.17895616378152
habitat 2.301029995663981 1 172 1 1 28.593433064208927
bell 2.301029995663981 1 45 1 0 16.70921594137279
that 0.0 1 6 1 2 7.41447690042741
mahouts 2.301029995663981 1 166 1 0 8.62138213623847
eggs 2.301029995663981 1 20 1 2 8.18123811657891
cabrio 2.301029995663981 1 85 1 3 34.27859741034167
hammerhead 2.301029995663981 1 198 1 0 7.41447690042741
footballer 2.301029995663981 1 126 1 3 10.589478081890759
sts 1.8239087409443187 3 34 1 3 14.159801773254927
sts 1.8239087409443187 3 35 1 5 24.230182363039738
sts 1.8239087409443187 3 33 1 3 14.159801773254927
stainless 2.301029995663981 1 59 1 3 45.68455542285613
car 1.5228787452803374 6 84 1 0 19.121779925643995
car 1.5228787452803374 6 169 1 3 8.438897532308644
car 1.5228787452803374 6 80 1 4 21.530019890955845
car 1.5228787452803374 6 83 1 2 23.498115836608132
car 1.5228787452803374 6 82 1 6 31.498115836608136
car 1.5228787452803374 6 78 1 3 21.530019890955845
palomita 2.301029995663981 1 176 1 4 39.94967236225119
crossing 2.301029995663981 1 141 1 1 7.248975308791356
meatball 2.301029995663981 1 9 1 0 10.589478081890759
cat 1.3979400086720375 8 187 1 2 15.430213425370267
cat 1.3979400086720375 8 184 1 9 34.5476693320549
cat 1.3979400086720375 8 185 1 1 7.248975308791356
cat 1.3979400086720375 8 190 1 2 20.157613063508727
cat 1.3979400086720375 8 191 1 1 14.86287402256335
cat 1.3979400086720375 8 188 1 1 11.248975308791357
cat 1.3979400086720375 8 189 1 1 7.248975308791356
cat 1.3979400086720375 8 192 1 1 20.724952466315646
model 2.0 2 98 1 3 25.178956163781518
model 2.0 2 37 1 2 18.095993664559504
sub 0.0 1 9 1 1 10.589478081890759
hockey 1.346787486224656 9 112 1 2 23.72995771023518
hockey 1.346787486224656 9 110 1 1 17.698053655887467
hockey 1.346787486224656 9 111 1 1 15.108575573996706
hockey 1.346787486224656 9 108 1 0 7.108575573996708
hockey 1.346787486224656 9 109 1 2 23.91119582681409
hockey 1.346787486224656 9 106 1 1 7.108575573996708
hockey 1.346787486224656 9 107 1 1 12.88157372526377
hockey 1.346787486224656 9 104 1 3 15.289813690575619
hockey 1.346787486224656 9 105 1 2 21.698053655887467
cap 2.301029995663981 1 61 1 0 8.62138213623847
feds 2.0 2 2 1 0 13.446380954775119
feds 2.0 2 3 1 0 13.446380954775119
swimming 1.346787486224656 9 102 1 2 21.024696751180556
swimming 1.346787486224656 9 103 1 2 15.729957710235176
swimming 1.346787486224656 9 100 1 2 9.140479628344417
swimming 1.346787486224656 9 101 1 0 7.108575573996708
swimming 1.346787486224656 9 99 1 1 3.9335743925333584
swimming 1.346787486224656 9 96 1 0 7.108575573996708
swimming 1.346787486224656 9 97 1 0 21.024696751180556
swimming 1.346787486224656 9 95 1 2 12.403314614942087
swimming 1.346787486224656 9 195 1 0 7.108575573996708
cats 2.301029995663981 1 186 1 1 15.884217122836137
swiss 2.301029995663981 1 4 1 2 33.888172105154304
refreshing 2.301029995663981 1 15 1 0 12.18123811657891
gt2 2.301029995663981 1 80 1 3 21.530019890955845
rabbit's 2.301029995663981 1 83 1 1 23.498115836608132
complete 2.301029995663981 1 56 1 1 32.42793147257287
pigs 2.0 2 144 1 3 19.884217122836137
pigs 2.0 2 148 1 1 14.58947808189076
above 0.0 1 56 1 3 32.42793147257287
freshman 2.301029995663981 1 134 1 2 17.698053655887467
t52 2.301029995663981 1 142 1 2 33.72267051351825
ravens 2.301029995663981 1 125 1 2 12.543714349736735
inter 2.301029995663981 1 42 1 0 14.58947808189076
motorwerke 2.301029995663981 1 82 1 1 31.498115836608136
diesel 2.301029995663981 1 84 1 4 19.121779925643995
resting 2.0 2 157 1 1 12.62138213623847
resting 2.0 2 194 1 4 16.70921594137279
ferry 2.301029995663981 1 73 1 3 23.74555237959527
0408 2.301029995663981 1 67 1 8 41.06317328661766
outdoor 2.301029995663981 1 93 1 0 23.11031056555049
40th 2.301029995663981 1 78 1 0 21.530019890955845
pro 2.301029995663981 1 96 1 4 7.108575573996708
potato 2.301029995663981 1 10 1 5 24.06545523941505
sierra 2.301029995663981 1 171 1 2 12.70921594137279
cassin's 2.301029995663981 1 174 1 0 22.00395498231817
tight 2.301029995663981 1 130 1 3 17.838453390682115
our 0.0 2 169 1 2 8.438897532308644
our 0.0 2 179 1 4 21.33059807761126
blind 2.301029995663981 1 56 1 7 32.42793147257287
lodge 2.301029995663981 1 92 1 3 12.543714349736735
out 0.0 2 101 1 3 7.108575573996708
out 0.0 2 199 1 4 18.60245525247963
tyrannus 2.301029995663981 1 174 1 3 22.00395498231817
takin 2.301029995663981 1 70 1 1 18.45081333864989
for 0.0 3 54 1 1 7.248975308791356
for 0.0 3 127 1 2 7.248975308791356
for 0.0 3 93 1 7 23.11031056555049
house 2.301029995663981 1 144 1 6 19.884217122836137
towards 0.0 1 64 1 3 17.916121177183847
rolls 2.301029995663981 1 14 1 2 15.884217122836137
tip 2.301029995663981 1 193 1 1 26.18519309889708
city 2.0 2 91 1 0 11.248975308791355
city 2.0 2 105 1 4 21.698053655887467
monde 2.301029995663981 1 117 1 3 28.287531737778227
camp 2.0 2 128 1 1 21.838453390682115
camp 2.0 2 167 1 2 16.908637754717375
nevadas 2.301029995663981 1 171 1 3 12.70921594137279
huey 2.301029995663981 1 46 1 0 7.41447690042741
airplane 1.8239087409443187 3 59 1 7 45.68455542285613
airplane 1.8239087409443187 3 63 1 2 13.91612117718385
airplane 1.8239087409443187 3 61 1 1 8.62138213623847
gamberi 2.301029995663981 1 7 1 4 41.88817210515431
goal 2.301029995663981 1 106 1 2 7.108575573996708
bicycles 2.301029995663981 1 58 1 1 10.589478081890759
oldtrafford 2.301029995663981 1 123 1 7 32.42793147257288
san 2.301029995663981 1 63 1 0 13.91612117718385
gti 2.301029995663981 1 82 1 3 31.498115836608136
tar 2.301029995663981 1 193 1 6 26.18519309889708
outside 0.0 1 153 1 1 12.908637754717374
mascot 2.301029995663981 1 159 1 6 18.355018709492494
jumping 2.0 2 197 1 2 12.012977170588869
jumping 2.0 2 196 1 0 6.11973785948203
tiger 2.0 2 154 1 2 11.613898713771995
tiger 2.0 2 165 1 0 17.91612117718385
gorge 2.301029995663981 1 69 1 5 25.17895616378152
ground 2.301029995663981 1 176 1 2 39.94967236225119
contest 2.0 2 2 1 3 13.446380954775119
contest 2.0 2 3 1 3 13.446380954775119
stumpy 2.301029995663981 1 159 1 0 18.355018709492494
cornmeal 2.301029995663981 1 22 1 0 18.770716198469668
king 2.0 2 86 1 1 11.248975308791355
king 2.0 2 174 1 1 22.00395498231817
a330 2.301029995663981 1 67 1 3 41.06317328661766
bike 2.301029995663981 1 56 1 4 32.42793147257287
boston 2.0 2 139 1 2 9.813836533051328
boston 2.0 2 111 1 2 15.108575573996706
judge 2.301029995663981 1 191 1 3 14.86287402256335
perreroni 2.301029995663981 1 24 1 1 10.575618404084445
zombie 2.301029995663981 1 133 1 1 15.108575573996706
rent 2.301029995663981 1 54 1 2 7.248975308791356
spin 2.301029995663981 1 83 1 4 23.498115836608132
india 2.301029995663981 1 165 1 4 17.91612117718385
tarako 2.301029995663981 1 1 1 2 26.00395498231817
barbie 2.301029995663981 1 122 1 0 7.248975308791356
atlantis 1.8239087409443187 3 34 1 2 14.159801773254927
atlantis 1.8239087409443187 3 35 1 4 24.230182363039738
atlantis 1.8239087409443187 3 33 1 2 14.159801773254927
steak 1.6989700043360185 4 19 1 2 11.507881211872
steak 1.6989700043360185 4 21 1 0 8.18123811657891
steak 1.6989700043360185 4 20 1 0 8.18123811657891
steak 1.6989700043360185 4 22 1 3 18.770716198469668
heaven 2.301029995663981 1 186 1 4 15.884217122836137
versatility 2.301029995663981 1 192 1 4 20.724952466315646
friendly 2.301029995663981 1 113 1 1 12.403314614942087
tartare 2.301029995663981 1 21 1 1 8.18123811657891
schaeffer's 2.301029995663981 1 92 1 2 12.543714349736735
bun 2.301029995663981 1 8 1 5 16.80262025281738
westminster 2.301029995663981 1 177 1 1 9.733636573254024
peperoncini 2.301029995663981 1 7 1 7 41.88817210515431
domino's 2.301029995663981 1 25 1 0 12.543714349736735
1936 2.301029995663981 1 112 1 4 23.72995771023518
waimakariri 2.301029995663981 1 69 1 3 25.17895616378152
old 0.0 2 123 1 0 32.42793147257288
old 0.0 2 180 1 1 5.294739040945379
persian 2.301029995663981 1 189 1 0 7.248975308791356
foot 2.301029995663981 1 161 1 0 12.908637754717374
little 0.0 2 144 1 2 19.884217122836137
little 0.0 2 135 1 5 62.761226942505125
show 1.5228787452803374 6 190 1 3 20.157613063508727
show 1.5228787452803374 6 191 1 2 14.86287402256335
show 1.5228787452803374 6 145 1 5 20.15761306350873
show 1.5228787452803374 6 77 1 4 31.209613730778315
show 1.5228787452803374 6 146 1 1 14.86287402256335
show 1.5228787452803374 6 177 1 3 9.733636573254024
beach 2.301029995663981 1 181 1 1 23.29869402326355
fried 2.301029995663981 1 19 1 1 11.507881211872
pack 2.301029995663981 1 129 1 6 23.133192431627496
bicycle 1.3979400086720375 8 51 1 3 17.838453390682115
bicycle 1.3979400086720375 8 50 1 1 7.248975308791356
bicycle 1.3979400086720375 8 55 1 0 7.248975308791356
bicycle 1.3979400086720375 8 54 1 0 7.248975308791356
bicycle 1.3979400086720375 8 53 1 2 7.248975308791356
bicycle 1.3979400086720375 8 52 1 0 7.248975308791356
bicycle 1.3979400086720375 8 57 1 0 7.248975308791356
bicycle 1.3979400086720375 8 56 1 2 32.42793147257287
hats 2.301029995663981 1 131 1 0 12.403314614942087
ghkw 2.301029995663981 1 67 1 6 41.06317328661766
greensborough 2.301029995663981 1 103 1 0 15.729957710235176
turned 2.301029995663981 1 89 1 6 49.606887636354394
gear 2.301029995663981 1 35 1 1 24.230182363039738
cold 2.301029995663981 1 107 1 4 12.88157372526377
essex 2.301029995663981 1 48 1 1 28.59343306420893
pesto 2.301029995663981 1 26 1 0 7.248975308791356
safari 2.301029995663981 1 165 1 1 17.91612117718385
three 0.0 1 144 1 1 19.884217122836137
drew 2.301029995663981 1 142 1 6 33.72267051351825
custom 2.0 2 77 1 7 31.209613730778315
custom 2.0 2 56 1 5 32.42793147257287
tuna 2.301029995663981 1 10 1 0 24.06545523941505
cake 2.301029995663981 1 78 1 4 21.530019890955845
goes 0.0 1 186 1 2 15.884217122836137
liga 2.301029995663981 1 142 1 0 33.72267051351825
indianapolis 2.301029995663981 1 77 1 5 31.209613730778315
mkv 2.301029995663981 1 82 1 4 31.498115836608136
enterprise 2.0 2 39 1 2 7.506515582668746
enterprise 2.0 2 41 1 2 7.506515582668746
mark 2.301029995663981 1 59 1 5 45.68455542285613
samsung 2.301029995663981 1 51 1 0 17.838453390682115
digue 2.301029995663981 1 181 1 5 23.29869402326355
fly 2.301029995663981 1 148 1 4 14.58947808189076
hunting 2.301029995663981 1 155 1 1 13.91612117718385
kpix 2.301029995663981 1 49 1 0 32.593433064208924
sofitel 2.301029995663981 1 97 1 3 21.024696751180556
match 2.301029995663981 1 137 1 2 12.403314614942087
wcup 2.301029995663981 1 118 1 2 15.108575573996706
ride 2.301029995663981 1 43 1 1 12.70921594137279
postcards 2.301029995663981 1 184 1 10 34.5476693320549
fig 2.301029995663981 1 29 1 0 12.543714349736735
paper 2.301029995663981 1 60 1 2 15.884217122836137
fans 2.301029995663981 1 119 1 4 17.84969556971721
state 2.301029995663981 2 132 2 1 5 33.582270778723604
tauplitz 2.301029995663981 1 85 1 6 34.27859741034167
north 2.301029995663981 1 135 1 14 62.761226942505125
baked 2.301029995663981 1 10 1 4 24.06545523941505
365 2.301029995663981 1 105 1 1 21.698053655887467
girl 2.301029995663981 1 108 1 1 7.108575573996708
landing 2.301029995663981 1 35 1 0 24.230182363039738
pool 1.8239087409443187 3 102 1 3 21.024696751180556
pool 1.8239087409443187 3 103 1 3 15.729957710235176
pool 1.8239087409443187 3 97 1 1 21.024696751180556
mean 0.0 1 126 1 2 10.589478081890759
making 2.301029995663981 1 13 1 0 22.77071619846967
resort 2.301029995663981 1 102 1 1 21.024696751180556
wellington 2.301029995663981 1 73 1 2 23.74555237959527
felix 2.301029995663981 1 102 1 0 21.024696751180556
africa 2.0 2 118 1 1 15.108575573996706
africa 2.0 2 120 1 1 25.849695569717206
with 0.0 7 48 1 3 28.59343306420893
with 0.0 7 4 1 1 33.888172105154304
with 0.0 7 5 1 2 12.70921594137279
with 0.0 7 96 1 1 7.108575573996708
with 0.0 7 9 1 2 10.589478081890759
with 0.0 7 195 1 1 7.108575573996708
with 0.0 7 60 1 1 15.884217122836137
university 2.301029995663981 1 111 1 3 15.108575573996706
error 2.301029995663981 1 79 1 4 22.09735929376276
poor 2.0 2 93 1 5 23.11031056555049
poor 2.0 2 149 1 2 11.248975308791355
shark 1.455931955649724 7 200 1 3 18.60245525247963
shark 1.455931955649724 7 197 1 3 12.012977170588869
shark 1.455931955649724 7 196 1 1 6.11973785948203
shark 1.455931955649724 7 199 1 2 18.60245525247963
shark 1.455931955649724 7 198 1 1 7.41447690042741
shark 1.455931955649724 7 193 1 3 26.18519309889708
shark 1.455931955649724 7 194 1 5 16.70921594137279
the 0.0 27 136 1 3 5.813836533051328
the 0.0 27 70 1 4 18.45081333864989
the 0.0 27 172 1 6 28.593433064208927
the 0.0 27 129 1 4 23.133192431627496
the 0.0 27 128 1 2 21.838453390682115
the 0.0 27 130 1 0 17.838453390682115
the 0.0 27 193 1 5 26.18519309889708
the 0.0 27 106 1 0 7.108575573996708
the 0.0 27 192 1 3 20.724952466315646
the 0.0 27 73 1 6 23.74555237959527
the 0.0 27 153 1 2 12.908637754717374
the 0.0 27 184 2 2 6 34.5476693320549
the 0.0 27 48 1 4 28.59343306420893
the 0.0 27 157 1 3 12.62138213623847
the 0.0 27 159 2 1 3 18.355018709492494
the 0.0 27 178 2 1 5 21.0488103084536
the 0.0 27 126 1 1 10.589478081890759
the 0.0 27 145 1 4 20.15761306350873
the 0.0 27 146 1 3 14.86287402256335
the 0.0 27 147 1 3 5.280879363139066
the 0.0 27 182 1 2 7.41447690042741
the 0.0 27 183 2 1 6 23.298694023263547
the 0.0 27 91 1 3 11.248975308791355
latvia 2.301029995663981 1 113 1 0 12.403314614942087
steel 2.301029995663981 1 59 1 4 45.68455542285613
babyfoot 2.301029995663981 1 117 1 4 28.287531737778227
around 0.0 1 149 1 1 11.248975308791355
aggressors 2.301029995663981 1 66 1 3 13.91612117718385
their 0.0 2 144 1 5 19.884217122836137
their 0.0 2 192 1 6 20.724952466315646
sharks 2.301029995663981 1 195 1 2 7.108575573996708
river 2.301029995663981 1 69 1 4 25.17895616378152
