1 sillhouette 2.301029995663981 1 114 1 13.995074649630238
1 as350ba 2.301029995663981 1 49 1 32.593433064208924
1 dogs 2.301029995663981 1 180 1 5.294739040945379
1 store 2.301029995663981 1 37 1 18.095993664559504
1 college 2.301029995663981 1 110 1 21.178956163781518
1 parts 2.301029995663981 1 59 1 45.68455542285613
1 champions 2.301029995663981 1 121 1 16.403314614942087
2 roll 2.0 2 16 1 10.88649907563353
2 roll 2.0 2 15 1 12.18123811657891
1 2011 2.301029995663981 1 190 1 20.157613063508727
1 rubins 2.301029995663981 1 59 1 45.68455542285613
1 2010 2.301029995663981 1 117 1 28.287531737778227
2 jet 2.0 2 69 1 25.17895616378152
2 jet 2.0 2 45 1 16.70921594137279
3 black 1.8239087409443187 3 178 1 21.48895432811316
3 black 1.8239087409443187 3 193 1 26.62533711855664
3 black 1.8239087409443187 3 192 1 21.165096485975205
1 goddess 2.301029995663981 1 98 1 25.178956163781518
1 shows 2.301029995663981 1 192 1 21.165096485975205
1 smoke 2.301029995663981 1 88 1 7.41447690042741
1 1 2.301029995663981 1 172 1 28.792854877553513
1 c-ghkw 2.301029995663981 1 67 1 35.76843424567228
1 5 2.301029995663981 1 49 1 32.593433064208924
2 stadium 2.0 2 124 1 11.248975308791357
2 stadium 2.0 2 123 1 32.42793147257288
1 sneeze 2.301029995663981 1 184 1 37.72267051351825
1 salmon 2.301029995663981 1 22 1 18.770716198469668
1 : 2.301029995663981 1 105 1 21.838453390682112
2 air 2.0 2 136 1 5.813836533051328
2 air 2.0 2 67 1 35.76843424567228
1 alex 2.301029995663981 1 126 1 10.589478081890759
1 view 2.301029995663981 1 73 1 23.74555237959527
1 retiring 2.301029995663981 1 191 1 14.86287402256335
1 du 2.301029995663981 1 117 1 28.287531737778227
1 finals 2.301029995663981 1 124 1 11.248975308791357
1 truck 2.301029995663981 1 32 1 7.108575573996708
1 made 2.301029995663981 1 23 1 23.133192431627492
3 elephants 1.8239087409443187 3 166 1 8.62138213623847
3 elephants 1.8239087409443187 3 165 1 17.91612117718385
3 elephants 1.8239087409443187 3 164 1 19.21086021812923
2 checkmate 2.0 2 93 1 23.27581215718654
2 checkmate 2.0 2 90 1 6.11973785948203
1 rarest 2.301029995663981 1 172 1 28.792854877553513
2 di 2.0 2 1 1 26.00395498231817
2 di 2.0 2 7 1 41.88817210515431
1 chiefs 2.301029995663981 1 125 1 12.543714349736735
1 zucchine 2.301029995663981 1 7 1 41.88817210515431
1 camp:the 2.301029995663981 1 128 1 23.133192431627492
1 cutest 2.301029995663981 1 184 1 37.72267051351825
1 lotherton 2.301029995663981 1 175 1 18.00395498231817
1 lizard 2.301029995663981 1 95 1 12.403314614942087
1 orcs 2.301029995663981 1 149 1 11.41447690042741
1 bison 2.301029995663981 1 18 1 10.589478081890759
1 sawasdee 2.301029995663981 1 163 1 13.15607429770451
1 morning 2.301029995663981 1 183 1 23.298694023263547
5 boat 1.6020599913279623 5 70 1 18.45081333864989
5 boat 1.6020599913279623 5 71 1 7.86133525675913
5 boat 1.6020599913279623 5 76 1 7.86133525675913
5 boat 1.6020599913279623 5 72 1 7.86133525675913
5 boat 1.6020599913279623 5 73 1 23.74555237959527
1 merluzzo 2.301029995663981 1 1 1 26.00395498231817
7 bird 1.455931955649724 7 171 1 12.70921594137279
7 bird 1.455931955649724 7 170 1 11.41447690042741
7 bird 1.455931955649724 7 169 1 8.438897532308644
7 bird 1.455931955649724 7 168 1 12.70921594137279
7 bird 1.455931955649724 7 175 1 18.00395498231817
7 bird 1.455931955649724 7 174 1 22.00395498231817
7 bird 1.455931955649724 7 173 1 12.70921594137279
1 red 2.301029995663981 1 152 1 10.500397789405525
1 tile 2.301029995663981 1 109 1 24.051595561608735
1 base 2.301029995663981 1 64 1 17.916121177183847
1 em 2.301029995663981 1 194 1 16.70921594137279
2 lego 2.0 2 133 1 15.108575573996706
2 lego 2.0 2 31 1 7.506515582668747
1 youthlink 2.301029995663981 2 116 2 28.287531737778227
1 britain 2.301029995663981 1 121 1 16.403314614942087
1 studio 2.301029995663981 2 135 2 62.761226942505125
2 player 2.0 2 133 1 15.108575573996706
2 player 2.0 2 135 1 62.761226942505125
1 toon 2.301029995663981 1 83 1 23.498115836608132
1 hal 2.301029995663981 1 105 1 21.838453390682112
1 a330-343 2.301029995663981 1 67 1 35.76843424567228
1 plays 2.301029995663981 1 89 1 37.063173286617655
1 breaded 2.301029995663981 1 22 1 18.770716198469668
1 bikini 2.301029995663981 1 98 1 25.178956163781518
1 close 2.301029995663981 1 200 1 18.60245525247963
1 pole 2.301029995663981 1 79 1 22.09735929376276
1 010 2.301029995663981 1 79 1 22.09735929376276
1 occhipiuverdi 2.301029995663981 1 7 1 41.88817210515431
1 planes 2.301029995663981 1 65 1 14.589478081890759
1 gadsden 2.301029995663981 1 132 1 33.582270778723604
1 maki 2.301029995663981 1 17 1 12.18123811657891
1 bryant 2.301029995663981 1 120 1 26.04911738306179
1 monitor 2.301029995663981 1 95 1 12.403314614942087
1 allen's 2.301029995663981 1 173 1 12.70921594137279
1 afghanistan 2.301029995663981 1 44 1 18.003954982318167
1 wheels 2.301029995663981 1 77 1 31.4090355441229
1 arkady 2.301029995663981 1 89 1 37.063173286617655
1 learn 2.301029995663981 1 148 1 14.58947808189076
1 display 2.301029995663981 1 62 1 13.91612117718385
1 sonoma 2.301029995663981 1 190 1 20.157613063508727
1 cream 2.301029995663981 1 11 1 11.06773719221244
1 portrait 2.301029995663981 1 135 1 62.761226942505125
1 amy 2.301029995663981 1 70 1 18.45081333864989
1 cn 2.301029995663981 1 67 1 35.76843424567228
1 prosciutto 2.301029995663981 1 29 1 12.543714349736735
1 serving 2.301029995663981 1 44 1 18.003954982318167
3 bmw 1.8239087409443187 3 80 1 21.530019890955845
3 bmw 1.8239087409443187 3 78 1 21.530019890955845
3 bmw 1.8239087409443187 3 79 1 22.09735929376276
4 day 1.6989700043360185 4 152 1 10.500397789405525
4 day 1.6989700043360185 4 187 1 15.430213425370267
4 day 1.6989700043360185 4 114 1 13.995074649630238
4 day 1.6989700043360185 4 107 1 13.021973460058417
1 tempura 2.301029995663981 1 14 1 15.884217122836137
1 mushroom 2.301029995663981 1 5 1 12.70921594137279
3 olympic 1.8239087409443187 3 100 1 9.140479628344417
3 olympic 1.8239087409443187 3 112 1 23.870357445029825
3 olympic 1.8239087409443187 3 109 1 24.051595561608735
1 mufc 2.301029995663981 1 123 1 32.42793147257288
1 van 2.301029995663981 1 30 1 7.248975308791356
1 sunken 2.301029995663981 1 72 1 7.86133525675913
1 airplanes 2.301029995663981 1 60 1 15.884217122836137
1 steaks 2.301029995663981 1 18 1 10.589478081890759
1 reflections 2.301029995663981 1 71 1 7.86133525675913
1 today 2.301029995663981 1 23 1 23.133192431627492
1 landscape 2.301029995663981 1 85 1 34.27859741034167
1 island 2.301029995663981 1 140 1 10.7411199957205
1 seals 2.301029995663981 1 162 1 7.86133525675913
1 england 2.301029995663981 1 123 1 32.42793147257288
4 sushi 1.6989700043360185 4 17 1 12.18123811657891
4 sushi 1.6989700043360185 4 16 1 10.88649907563353
4 sushi 1.6989700043360185 4 13 1 22.77071619846967
4 sushi 1.6989700043360185 4 15 1 12.18123811657891
4 ice 1.6989700043360185 4 109 1 24.051595561608735
4 ice 1.6989700043360185 4 11 1 11.06773719221244
4 ice 1.6989700043360185 4 107 1 13.021973460058417
4 ice 1.6989700043360185 4 104 1 15.430213425370267
1 pilot 2.301029995663981 1 44 1 18.003954982318167
1 doyle 2.301029995663981 1 89 1 37.063173286617655
1 swim 2.301029995663981 1 98 1 25.178956163781518
1 showing 2.301029995663981 1 129 1 23.133192431627496
1 men 2.301029995663981 1 94 1 12.70921594137279
1 anniversary 2.301029995663981 1 78 1 21.530019890955845
1 f-16 2.301029995663981 1 66 1 13.91612117718385
1 elephant. 2.301029995663981 1 159 1 21.530019890955845
1 snead 2.301029995663981 1 132 1 33.582270778723604
3 boats 1.8239087409443187 3 68 1 3.3266430952930897
3 boats 1.8239087409443187 3 74 1 7.32664309529309
3 boats 1.8239087409443187 3 75 1 17.91612117718385
1 sea 2.301029995663981 1 150 1 12.908637754717374
1 walter 2.301029995663981 1 128 1 23.133192431627492
1 photos 2.301029995663981 1 70 1 18.45081333864989
1 urban 2.301029995663981 1 58 1 10.589478081890759
1 tauranga 2.301029995663981 1 43 1 12.70921594137279
3 great 1.8239087409443187 3 200 1 18.60245525247963
3 great 1.8239087409443187 3 197 1 12.012977170588869
3 great 1.8239087409443187 3 199 1 18.60245525247963
4 sandwich 1.6989700043360185 4 8 1 16.80262025281738
4 sandwich 1.6989700043360185 4 10 1 24.06545523941505
4 sandwich 1.6989700043360185 4 11 1 11.06773719221244
4 sandwich 1.6989700043360185 4 12 1 8.18123811657891
1 female 2.301029995663981 1 200 1 18.60245525247963
1 royal 2.301029995663981 1 48 1 28.59343306420893
1 pendant 2.301029995663981 1 109 1 24.051595561608735
1 nana 2.301029995663981 1 185 1 7.248975308791356
1 suit 2.301029995663981 1 98 1 25.178956163781518
1 brown 2.301029995663981 1 184 1 37.72267051351825
3 lions 1.8239087409443187 3 155 1 13.91612117718385
3 lions 1.8239087409443187 3 156 1 7.32664309529309
3 lions 1.8239087409443187 3 157 1 12.62138213623847
1 broadway 2.301029995663981 1 28 1 7.248975308791356
1 plaza 2.301029995663981 1 97 1 21.024696751180556
1 hockey: 2.301029995663981 1 110 1 21.178956163781518
3 cup 1.8239087409443187 3 119 1 18.04911738306179
3 cup 1.8239087409443187 3 159 1 21.530019890955845
3 cup 1.8239087409443187 3 120 1 26.04911738306179
2 attacking 2.0 2 169 1 8.438897532308644
2 attacking 2.0 2 156 1 7.32664309529309
2 harbor 2.0 2 74 1 7.32664309529309
2 harbor 2.0 2 75 1 17.91612117718385
1 n110tv 2.301029995663981 1 49 1 32.593433064208924
1 street 2.301029995663981 1 116 1 28.287531737778227
1 thailand 2.301029995663981 1 163 1 13.15607429770451
10 shuttle 1.301029995663981 10 34 1 10.833158677961837
10 shuttle 1.301029995663981 10 35 1 20.90353926774665
10 shuttle 1.301029995663981 10 33 1 10.833158677961837
10 shuttle 1.301029995663981 10 38 1 3.5065155826687464
10 shuttle 1.301029995663981 10 39 1 7.506515582668746
10 shuttle 1.301029995663981 10 36 1 3.5065155826687464
10 shuttle 1.301029995663981 10 37 1 18.095993664559504
10 shuttle 1.301029995663981 10 40 1 6.987418090562798
10 shuttle 1.301029995663981 10 41 1 7.506515582668746
10 shuttle 1.301029995663981 10 31 1 7.506515582668747
1 french 2.301029995663981 1 65 1 14.589478081890759
1 yankees 2.301029995663981 1 137 1 12.403314614942087
1 homemade 2.301029995663981 1 13 1 22.77071619846967
1 chessmen 2.301029995663981 1 87 1 10.589478081890759
1 birds 2.301029995663981 1 172 1 28.792854877553513
1 pugsley 2.301029995663981 1 56 1 32.42793147257287
1 zoo 2.301029995663981 1 158 1 11.613898713771995
1 trafford 2.301029995663981 1 123 1 32.42793147257288
1 feast 2.301029995663981 1 157 1 12.62138213623847
1 pecorino 2.301029995663981 1 4 1 33.888172105154304
1 walk. 2.301029995663981 1 183 1 23.298694023263547
1 whip 2.301029995663981 1 168 1 12.70921594137279
1 chef 2.301029995663981 1 27 1 12.543714349736735
1 olives 2.301029995663981 1 4 1 33.888172105154304
1 "flying 2.301029995663981 1 142 1 37.063173286617655
7 helicopter 1.455931955649724 7 49 1 32.593433064208924
7 helicopter 1.455931955649724 7 48 1 28.59343306420893
7 helicopter 1.455931955649724 7 43 1 12.70921594137279
7 helicopter 1.455931955649724 7 46 1 7.41447690042741
7 helicopter 1.455931955649724 7 47 1 9.733636573254024
7 helicopter 1.455931955649724 7 44 1 18.003954982318167
7 helicopter 1.455931955649724 7 45 1 16.70921594137279
1 wild 2.301029995663981 1 164 1 19.21086021812923
1 ring 2.301029995663981 1 145 1 20.323114655144785
1 monterey 2.301029995663981 1 75 1 17.91612117718385
1 heart 2.301029995663981 1 23 1 23.133192431627492
1 ou 2.301029995663981 1 110 1 21.178956163781518
1 borango 2.301029995663981 1 164 1 19.21086021812923
1 museum 2.301029995663981 1 153 1 12.908637754717374
1 helicopters 2.301029995663981 1 42 1 10.589478081890759
1 privada 2.301029995663981 1 142 1 37.063173286617655
1 thompson's 2.301029995663981 1 59 1 45.68455542285613
1 vacation 2.301029995663981 1 179 1 21.33059807761126
1 tara 2.301029995663981 1 167 1 18.45081333864989
1 county 2.301029995663981 1 190 1 20.157613063508727
1 katie 2.301029995663981 1 178 1 21.48895432811316
1 bicylcle 2.301029995663981 1 52 1 7.248975308791356
2 redsox 2.0 2 139 1 9.813836533051328
2 redsox 2.0 2 138 1 16.40331461494209
1 colony 2.301029995663981 1 134 1 17.698053655887467
2 auto 2.0 2 82 1 31.498115836608136
2 auto 2.0 2 77 1 31.4090355441229
1 delivery 2.301029995663981 1 25 1 12.543714349736735
1 small 2.301029995663981 1 146 1 15.028375614199405
1 heading 2.301029995663981 1 64 1 17.916121177183847
1 austria 2.301029995663981 1 85 1 34.27859741034167
1 shore 2.301029995663981 1 182 1 7.41447690042741
1 home 2.301029995663981 1 192 1 21.165096485975205
1 indiana 2.301029995663981 1 77 1 31.4090355441229
1 cordillerana 2.301029995663981 1 176 1 37.063173286617655
1 shawn 2.301029995663981 1 89 1 37.063173286617655
1 johnny 2.301029995663981 1 138 1 16.40331461494209
1 bored 2.301029995663981 1 150 1 12.908637754717374
1 nosy 2.301029995663981 1 188 1 11.248975308791357
1 closes 2.301029995663981 1 194 1 16.70921594137279
1 cute 2.301029995663981 1 186 1 15.884217122836137
9 space 1.346787486224656 9 34 1 10.833158677961837
9 space 1.346787486224656 9 32 1 7.108575573996708
9 space 1.346787486224656 9 33 1 10.833158677961837
9 space 1.346787486224656 9 38 1 3.5065155826687464
9 space 1.346787486224656 9 39 1 7.506515582668746
9 space 1.346787486224656 9 36 1 3.5065155826687464
9 space 1.346787486224656 9 37 1 18.095993664559504
9 space 1.346787486224656 9 41 1 7.506515582668746
9 space 1.346787486224656 9 31 1 7.506515582668747
3 chicken 1.8239087409443187 3 19 1 11.507881211872
3 chicken 1.8239087409443187 3 8 1 16.80262025281738
3 chicken 1.8239087409443187 3 24 1 10.575618404084445
1 zealand 2.301029995663981 1 73 1 23.74555237959527
1 veggie 2.301029995663981 1 14 1 15.884217122836137
1 water 2.301029995663981 1 199 1 18.60245525247963
6 lion 1.5228787452803374 6 152 1 10.500397789405525
6 lion 1.5228787452803374 6 153 1 12.908637754717374
6 lion 1.5228787452803374 6 154 1 11.613898713771995
6 lion 1.5228787452803374 6 158 1 11.613898713771995
6 lion 1.5228787452803374 6 150 1 12.908637754717374
6 lion 1.5228787452803374 6 151 1 7.613898713771994
1 scrabble 2.301029995663981 1 109 1 24.051595561608735
1 vintage 2.301029995663981 1 50 1 7.248975308791356
1 british 2.301029995663981 1 153 1 12.908637754717374
1 endgame's 2.301029995663981 1 89 1 37.063173286617655
1 obp 2.301029995663981 1 172 1 28.792854877553513
1 kiplings 2.301029995663981 1 167 1 18.45081333864989
3 plane 1.8239087409443187 3 64 1 17.916121177183847
3 plane 1.8239087409443187 3 66 1 13.91612117718385
3 plane 1.8239087409443187 3 62 1 13.91612117718385
1 imageloger 2.301029995663981 1 51 1 17.838453390682115
1 1950s 2.301029995663981 1 135 1 62.761226942505125
1 square 2.301029995663981 1 91 1 11.41447690042741
1 us-westminster 2.301029995663981 1 177 1 9.733636573254024
1 interior 2.301029995663981 1 62 1 13.91612117718385
2 tofu 2.0 2 17 1 12.18123811657891
2 tofu 2.0 2 16 1 10.88649907563353
1 vociferans 2.301029995663981 1 174 1 22.00395498231817
1 elmo 2.301029995663981 1 27 1 12.543714349736735
1 ranger 2.301029995663981 1 45 1 16.70921594137279
1 spain 2.301029995663981 1 119 1 18.04911738306179
2 military 2.0 2 64 1 17.916121177183847
2 military 2.0 2 65 1 14.589478081890759
3 volkswagen 1.8239087409443187 3 85 1 34.27859741034167
3 volkswagen 1.8239087409443187 3 84 1 19.121779925643995
3 volkswagen 1.8239087409443187 3 81 1 9.09964124656015
1 love 2.301029995663981 1 23 1 23.133192431627492
1 lewis 2.301029995663981 1 87 1 10.589478081890759
3 family 1.8239087409443187 3 143 1 5.44638095477512
3 family 1.8239087409443187 3 179 1 21.33059807761126
3 family 1.8239087409443187 3 147 1 5.44638095477512
1 nelson 2.301029995663981 1 178 1 21.48895432811316
1 braylon 2.301029995663981 1 129 1 23.133192431627496
1 dakota 2.301029995663981 1 135 1 62.761226942505125
1 m3 2.301029995663981 1 80 1 21.530019890955845
1 team 2.301029995663981 1 112 1 23.870357445029825
1 gpower 2.301029995663981 1 80 1 21.530019890955845
2 league 2.0 2 135 1 62.761226942505125
2 league 2.0 2 121 1 16.403314614942087
1 coupe 2.301029995663981 1 117 1 28.287531737778227
8 pizza 1.3979400086720375 8 23 1 23.133192431627492
8 pizza 1.3979400086720375 8 25 1 12.543714349736735
8 pizza 1.3979400086720375 8 24 1 10.575618404084445
8 pizza 1.3979400086720375 8 27 1 12.543714349736735
8 pizza 1.3979400086720375 8 26 1 7.248975308791356
8 pizza 1.3979400086720375 8 29 1 12.543714349736735
8 pizza 1.3979400086720375 8 28 1 7.248975308791356
8 pizza 1.3979400086720375 8 30 1 7.248975308791356
1 la 2.301029995663981 1 181 1 23.29869402326355
1 eastern 2.301029995663981 1 168 1 12.70921594137279
1 rainbow 2.301029995663981 1 12 1 8.18123811657891
1 manchester 2.301029995663981 1 123 1 32.42793147257288
1 st600 2.301029995663981 1 51 1 17.838453390682115
4 rabbit 1.6989700043360185 4 85 1 34.27859741034167
4 rabbit 1.6989700043360185 4 84 1 19.121779925643995
4 rabbit 1.6989700043360185 4 81 1 9.09964124656015
4 rabbit 1.6989700043360185 4 178 1 21.48895432811316
1 hs 2.301029995663981 1 134 1 17.698053655887467
1 loss 2.301029995663981 1 93 1 23.27581215718654
5 elephant 1.6020599913279623 5 163 1 13.15607429770451
5 elephant 1.6020599913279623 5 162 1 7.86133525675913
5 elephant 1.6020599913279623 5 161 1 13.15607429770451
5 elephant 1.6020599913279623 5 160 1 6.5665962158137505
5 elephant 1.6020599913279623 5 167 1 18.45081333864989
7 chess 1.455931955649724 7 86 1 11.41447690042741
7 chess 1.455931955649724 7 93 1 23.27581215718654
7 chess 1.455931955649724 7 92 1 12.70921594137279
7 chess 1.455931955649724 7 94 1 12.70921594137279
7 chess 1.455931955649724 7 88 1 7.41447690042741
7 chess 1.455931955649724 7 91 1 11.41447690042741
7 chess 1.455931955649724 7 90 1 6.11973785948203
1 indoors 2.301029995663981 1 40 1 6.987418090562798
1 damon 2.301029995663981 1 138 1 16.40331461494209
1 cheese 2.301029995663981 1 9 1 10.589478081890759
1 uova 2.301029995663981 1 1 1 26.00395498231817
1 roger 2.301029995663981 1 83 1 23.498115836608132
1 seychelles 2.301029995663981 1 181 1 23.29869402326355
1 war 2.301029995663981 1 47 1 9.733636573254024
1 father 2.301029995663981 1 128 1 23.133192431627492
1 playing 2.301029995663981 1 60 1 15.884217122836137
1 army 2.301029995663981 1 86 1 11.41447690042741
1 griffin 2.301029995663981 1 82 1 31.498115836608136
1 japan 2.301029995663981 1 37 1 18.095993664559504
1 ciliegino 2.301029995663981 1 7 1 41.88817210515431
1 francisco 2.301029995663981 1 63 1 13.91612117718385
2 indian 2.0 2 112 1 23.870357445029825
2 indian 2.0 2 160 1 6.5665962158137505
1 nancy 2.301029995663981 1 59 1 45.68455542285613
1 rugby 2.301029995663981 1 135 1 62.761226942505125
1 print 2.301029995663981 1 161 1 13.15607429770451
1 rim 2.301029995663981 1 55 1 7.248975308791356
7 pig 1.455931955649724 7 141 1 7.41447690042741
7 pig 1.455931955649724 7 140 1 10.7411199957205
7 pig 1.455931955649724 7 143 1 5.44638095477512
7 pig 1.455931955649724 7 145 1 20.323114655144785
7 pig 1.455931955649724 7 146 1 15.028375614199405
7 pig 1.455931955649724 7 147 1 5.44638095477512
7 pig 1.455931955649724 7 149 1 11.41447690042741
1 balagan 2.301029995663981 1 89 1 37.063173286617655
1 wednesday 2.301029995663981 1 183 1 23.298694023263547
8 football 1.3979400086720375 8 129 1 23.133192431627496
8 football 1.3979400086720375 8 127 1 7.248975308791356
8 football 1.3979400086720375 8 128 1 23.133192431627492
8 football 1.3979400086720375 8 125 1 12.543714349736735
8 football 1.3979400086720375 8 130 1 17.838453390682115
8 football 1.3979400086720375 8 124 1 11.248975308791357
8 football 1.3979400086720375 8 123 1 32.42793147257288
8 football 1.3979400086720375 8 122 1 7.248975308791356
3 eating 1.8239087409443187 3 2 1 13.446380954775119
3 eating 1.8239087409443187 3 3 1 13.446380954775119
3 eating 1.8239087409443187 3 140 1 10.7411199957205
1 night 2.301029995663981 1 13 1 22.77071619846967
1 hotel 2.301029995663981 1 179 1 21.33059807761126
1 navy 2.301029995663981 1 48 1 28.59343306420893
1 local 2.301029995663981 1 103 1 15.729957710235176
1 breaking 2.301029995663981 1 199 1 18.60245525247963
1 estate 2.301029995663981 1 142 1 37.063173286617655
1 aerospatiale 2.301029995663981 1 49 1 32.593433064208924
1 gmc 2.301029995663981 1 115 1 7.108575573996708
1 osaka 2.301029995663981 1 57 1 7.248975308791356
1 statues 2.301029995663981 1 94 1 12.70921594137279
1 17th 2.301029995663981 1 187 1 15.430213425370267
1 ready 2.301029995663981 1 127 1 7.248975308791356
1 chas' 2.301029995663981 1 59 1 45.68455542285613
1 inter-island 2.301029995663981 1 42 1 10.589478081890759
1 metriopelia 2.301029995663981 1 176 1 37.063173286617655
2 staring 2.0 2 170 1 11.41447690042741
2 staring 2.0 2 188 1 11.248975308791357
9 baseball 1.346787486224656 9 137 1 12.403314614942087
9 baseball 1.346787486224656 9 136 1 5.813836533051328
9 baseball 1.346787486224656 9 139 1 9.813836533051328
9 baseball 1.346787486224656 9 138 1 16.40331461494209
9 baseball 1.346787486224656 9 131 1 12.403314614942087
9 baseball 1.346787486224656 9 133 1 15.108575573996706
9 baseball 1.346787486224656 9 132 1 33.582270778723604
9 baseball 1.346787486224656 9 135 1 62.761226942505125
9 baseball 1.346787486224656 9 134 1 17.698053655887467
1 arena 2.301029995663981 1 146 1 15.028375614199405
1 snow 2.301029995663981 1 56 1 32.42793147257287
1 kobe 2.301029995663981 1 120 1 26.04911738306179
1 dancer 2.301029995663981 1 151 1 7.613898713771994
1 pitbulls 2.301029995663981 1 104 1 15.430213425370267
1 ends 2.301029995663981 1 130 1 17.838453390682115
1 international 2.301029995663981 1 187 1 15.430213425370267
1 papa 2.301029995663981 1 53 1 7.248975308791356
1 pig" 2.301029995663981 1 142 1 37.063173286617655
1 patriots 2.301029995663981 1 130 1 17.838453390682115
2 vw 2.0 2 85 1 34.27859741034167
2 vw 2.0 2 82 1 31.498115836608136
1 1980 2.301029995663981 1 84 1 19.121779925643995
2 30 2.0 2 184 1 37.72267051351825
2 30 2.0 2 114 1 13.995074649630238
1 ketchup 2.301029995663981 1 6 1 7.41447690042741
1 hanoi 2.301029995663981 1 97 1 21.024696751180556
2 men's 2.0 2 100 1 9.140479628344417
2 men's 2.0 2 111 1 15.248975308791355
1 coming 2.301029995663981 1 145 1 20.323114655144785
1 onions 2.301029995663981 1 4 1 33.888172105154304
1 strands 2.301029995663981 1 135 1 62.761226942505125
1 melanoptera 2.301029995663981 1 176 1 37.063173286617655
1 run 2.301029995663981 1 183 1 23.298694023263547
1 usa 2.301029995663981 1 131 1 12.403314614942087
1 sinking 2.301029995663981 1 76 1 7.86133525675913
1 personal 2.301029995663981 1 75 1 17.91612117718385
1 american 2.301029995663981 1 128 1 23.133192431627492
1 uss 2.301029995663981 1 48 1 28.59343306420893
1 bricks 2.301029995663981 1 144 1 19.884217122836137
1 kanchanaburi 2.301029995663981 1 102 1 21.024696751180556
9 soccer 1.346787486224656 9 119 1 18.04911738306179
9 soccer 1.346787486224656 9 118 1 15.108575573996706
9 soccer 1.346787486224656 9 117 1 28.287531737778227
9 soccer 1.346787486224656 9 116 1 28.287531737778227
9 soccer 1.346787486224656 9 115 1 7.108575573996708
9 soccer 1.346787486224656 9 114 1 13.995074649630238
9 soccer 1.346787486224656 9 113 1 12.403314614942087
9 soccer 1.346787486224656 9 121 1 16.403314614942087
9 soccer 1.346787486224656 9 120 1 26.04911738306179
1 buffalo 2.301029995663981 1 155 1 13.91612117718385
1 park 2.301029995663981 1 193 1 26.62533711855664
1 reef 2.301029995663981 1 193 1 26.62533711855664
1 weaver 2.301029995663981 1 170 1 11.41447690042741
1 chard 2.301029995663981 1 4 1 33.888172105154304
1 back 2.301029995663981 1 145 1 20.323114655144785
1 humming 2.301029995663981 1 173 1 12.70921594137279
1 uiuc 2.301029995663981 1 144 1 19.884217122836137
2 tv 2.0 2 49 1 32.593433064208924
2 tv 2.0 2 13 1 22.77071619846967
2 south 2.0 2 118 1 15.108575573996706
2 south 2.0 2 120 1 26.04911738306179
1 choclate 2.301029995663981 1 101 1 7.108575573996708
2 berlin 2.0 2 158 1 11.613898713771995
2 berlin 2.0 2 112 1 23.870357445029825
1 edwards 2.301029995663981 1 129 1 23.133192431627496
7 dog 1.455931955649724 7 99 1 3.9335743925333584
7 dog 1.455931955649724 7 178 1 21.48895432811316
7 dog 1.455931955649724 7 179 1 21.33059807761126
7 dog 1.455931955649724 7 177 1 9.733636573254024
7 dog 1.455931955649724 7 182 1 7.41447690042741
7 dog 1.455931955649724 7 183 1 23.298694023263547
7 dog 1.455931955649724 7 181 1 23.29869402326355
1 garden 2.301029995663981 1 175 1 18.00395498231817
6 world 1.5228787452803374 6 119 1 18.04911738306179
6 world 1.5228787452803374 6 172 1 28.792854877553513
6 world 1.5228787452803374 6 159 1 21.530019890955845
6 world 1.5228787452803374 6 77 1 31.4090355441229
6 world 1.5228787452803374 6 47 1 9.733636573254024
6 world 1.5228787452803374 6 120 1 26.04911738306179
1 salad 2.301029995663981 1 10 1 24.06545523941505
2 con 2.0 2 1 1 26.00395498231817
2 con 2.0 2 7 1 41.88817210515431
1 burger 2.301029995663981 1 8 1 16.80262025281738
1 39/365 2.301029995663981 1 105 1 21.838453390682112
1 hall 2.301029995663981 1 175 1 18.00395498231817
1 thai 2.301029995663981 1 48 1 28.59343306420893
1 kalamata 2.301029995663981 1 4 1 33.888172105154304
1 takes 2.301029995663981 1 179 1 21.33059807761126
7 spaghetti 1.455931955649724 7 1 1 26.00395498231817
7 spaghetti 1.455931955649724 7 2 1 13.446380954775119
7 spaghetti 1.455931955649724 7 3 1 13.446380954775119
7 spaghetti 1.455931955649724 7 4 1 33.888172105154304
7 spaghetti 1.455931955649724 7 5 1 12.70921594137279
7 spaghetti 1.455931955649724 7 6 1 7.41447690042741
7 spaghetti 1.455931955649724 7 7 1 41.88817210515431
4 cars 1.6989700043360185 4 85 1 34.27859741034167
4 cars 1.6989700043360185 4 81 1 9.09964124656015
4 cars 1.6989700043360185 4 77 1 31.4090355441229
4 cars 1.6989700043360185 4 79 1 22.09735929376276
1 oakland 2.301029995663981 1 110 1 21.178956163781518
1 springs 2.301029995663981 1 164 1 19.21086021812923
1 bristol 2.301029995663981 1 104 1 15.430213425370267
1 china 2.301029995663981 1 154 1 11.613898713771995
1 canada 2.301029995663981 1 67 1 35.76843424567228
5 white 1.6020599913279623 5 200 1 18.60245525247963
5 white 1.6020599913279623 5 197 1 12.012977170588869
5 white 1.6020599913279623 5 178 1 21.48895432811316
5 white 1.6020599913279623 5 93 1 23.27581215718654
5 white 1.6020599913279623 5 199 1 18.60245525247963
1 jeffrey 2.301029995663981 1 184 1 37.72267051351825
1 farro 2.301029995663981 1 7 1 41.88817210515431
1 ragù 2.301029995663981 1 5 1 12.70921594137279
1 airbus 2.301029995663981 1 67 1 35.76843424567228
1 dove 2.301029995663981 1 176 1 37.063173286617655
1 boating 2.301029995663981 1 69 1 25.17895616378152
1 habitat 2.301029995663981 1 172 1 28.792854877553513
1 bell 2.301029995663981 1 45 1 16.70921594137279
1 mahouts 2.301029995663981 1 166 1 8.62138213623847
1 eggs 2.301029995663981 1 20 1 8.18123811657891
1 cabrio 2.301029995663981 1 85 1 34.27859741034167
1 hammerhead 2.301029995663981 1 198 1 7.41447690042741
1 footballer 2.301029995663981 1 126 1 10.589478081890759
1 stainless 2.301029995663981 1 59 1 45.68455542285613
6 car 1.5228787452803374 6 84 1 19.121779925643995
6 car 1.5228787452803374 6 169 1 8.438897532308644
6 car 1.5228787452803374 6 80 1 21.530019890955845
6 car 1.5228787452803374 6 83 1 23.498115836608132
6 car 1.5228787452803374 6 82 1 31.498115836608136
6 car 1.5228787452803374 6 78 1 21.530019890955845
1 palomita 2.301029995663981 1 176 1 37.063173286617655
1 meatball 2.301029995663981 1 9 1 10.589478081890759
1 crossing 2.301029995663981 1 141 1 7.41447690042741
8 cat 1.3979400086720375 8 187 1 15.430213425370267
8 cat 1.3979400086720375 8 184 1 37.72267051351825
8 cat 1.3979400086720375 8 185 1 7.248975308791356
8 cat 1.3979400086720375 8 190 1 20.157613063508727
8 cat 1.3979400086720375 8 191 1 14.86287402256335
8 cat 1.3979400086720375 8 188 1 11.248975308791357
8 cat 1.3979400086720375 8 189 1 7.248975308791356
8 cat 1.3979400086720375 8 192 1 21.165096485975205
2 model 2.0 2 98 1 25.178956163781518
2 model 2.0 2 37 1 18.095993664559504
8 hockey 1.3979400086720375 8 112 1 23.870357445029825
8 hockey 1.3979400086720375 8 111 1 15.248975308791355
8 hockey 1.3979400086720375 8 108 1 7.248975308791356
8 hockey 1.3979400086720375 8 109 1 24.051595561608735
8 hockey 1.3979400086720375 8 106 1 7.248975308791356
8 hockey 1.3979400086720375 8 107 1 13.021973460058417
8 hockey 1.3979400086720375 8 104 1 15.430213425370267
8 hockey 1.3979400086720375 8 105 1 21.838453390682112
1 cap 2.301029995663981 1 61 1 8.62138213623847
2 feds 2.0 2 2 1 13.446380954775119
2 feds 2.0 2 3 1 13.446380954775119
9 swimming 1.346787486224656 9 102 1 21.024696751180556
9 swimming 1.346787486224656 9 103 1 15.729957710235176
9 swimming 1.346787486224656 9 100 1 9.140479628344417
9 swimming 1.346787486224656 9 101 1 7.108575573996708
9 swimming 1.346787486224656 9 99 1 3.9335743925333584
9 swimming 1.346787486224656 9 96 1 7.108575573996708
9 swimming 1.346787486224656 9 97 1 21.024696751180556
9 swimming 1.346787486224656 9 95 1 12.403314614942087
9 swimming 1.346787486224656 9 195 1 7.108575573996708
1 cats 2.301029995663981 1 186 1 15.884217122836137
1 swiss 2.301029995663981 1 4 1 33.888172105154304
1 refreshing 2.301029995663981 1 15 1 12.18123811657891
1 gt2 2.301029995663981 1 80 1 21.530019890955845
1 rabbit's 2.301029995663981 1 83 1 23.498115836608132
1 complete 2.301029995663981 1 56 1 32.42793147257287
2 pigs 2.0 2 144 1 19.884217122836137
2 pigs 2.0 2 148 1 14.58947808189076
1 freshman 2.301029995663981 1 134 1 17.698053655887467
1 t52 2.301029995663981 1 142 1 37.063173286617655
1 ravens 2.301029995663981 1 125 1 12.543714349736735
1 motorwerke 2.301029995663981 1 82 1 31.498115836608136
1 diesel 2.301029995663981 1 84 1 19.121779925643995
2 resting 2.0 2 157 1 12.62138213623847
2 resting 2.0 2 194 1 16.70921594137279
1 ferry 2.301029995663981 1 73 1 23.74555237959527
1 0408 2.301029995663981 1 67 1 35.76843424567228
1 outdoor 2.301029995663981 1 93 1 23.27581215718654
1 40th 2.301029995663981 1 78 1 21.530019890955845
1 pro 2.301029995663981 1 96 1 7.108575573996708
1 potato 2.301029995663981 1 10 1 24.06545523941505
1 sierra 2.301029995663981 1 171 1 12.70921594137279
1 cassin's 2.301029995663981 1 174 1 22.00395498231817
1 tight 2.301029995663981 1 130 1 17.838453390682115
1 blind 2.301029995663981 1 56 1 32.42793147257287
1 lodge 2.301029995663981 1 92 1 12.70921594137279
1 tyrannus 2.301029995663981 1 174 1 22.00395498231817
1 takin 2.301029995663981 1 70 1 18.45081333864989
1 house 2.301029995663981 1 144 1 19.884217122836137
1 rolls 2.301029995663981 1 14 1 15.884217122836137
1 tip 2.301029995663981 1 193 1 26.62533711855664
2 city 2.0 2 91 1 11.41447690042741
2 city 2.0 2 105 1 21.838453390682112
1 monde 2.301029995663981 1 117 1 28.287531737778227
1 camp 2.301029995663981 1 167 1 18.45081333864989
1 nevadas 2.301029995663981 1 171 1 12.70921594137279
1 huey 2.301029995663981 1 46 1 7.41447690042741
3 airplane 1.8239087409443187 3 59 1 45.68455542285613
3 airplane 1.8239087409443187 3 63 1 13.91612117718385
3 airplane 1.8239087409443187 3 61 1 8.62138213623847
1 gamberi 2.301029995663981 1 7 1 41.88817210515431
1 goal 2.301029995663981 1 106 1 7.248975308791356
1 bicycles 2.301029995663981 1 58 1 10.589478081890759
1 oldtrafford 2.301029995663981 1 123 1 32.42793147257288
1 san 2.301029995663981 1 63 1 13.91612117718385
1 gti 2.301029995663981 1 82 1 31.498115836608136
1 tar 2.301029995663981 1 193 1 26.62533711855664
1 mascot 2.301029995663981 1 159 1 21.530019890955845
2 jumping 2.0 2 197 1 12.012977170588869
2 jumping 2.0 2 196 1 6.11973785948203
2 tiger 2.0 2 154 1 11.613898713771995
2 tiger 2.0 2 165 1 17.91612117718385
1 gorge 2.301029995663981 1 69 1 25.17895616378152
1 ground 2.301029995663981 1 176 1 37.063173286617655
2 contest 2.0 2 2 1 13.446380954775119
2 contest 2.0 2 3 1 13.446380954775119
1 stumpy 2.301029995663981 1 159 1 21.530019890955845
1 cornmeal 2.301029995663981 1 22 1 18.770716198469668
2 king 2.0 2 86 1 11.41447690042741
2 king 2.0 2 174 1 22.00395498231817
1 bike 2.301029995663981 1 56 1 32.42793147257287
2 boston 2.0 2 139 1 9.813836533051328
2 boston 2.0 2 111 1 15.248975308791355
1 judge 2.301029995663981 1 191 1 14.86287402256335
1 perreroni 2.301029995663981 1 24 1 10.575618404084445
1 zombie 2.301029995663981 1 133 1 15.108575573996706
1 rent 2.301029995663981 1 54 1 7.248975308791356
1 spin 2.301029995663981 1 83 1 23.498115836608132
1 india 2.301029995663981 1 165 1 17.91612117718385
1 tarako 2.301029995663981 1 1 1 26.00395498231817
1 barbie 2.301029995663981 1 122 1 7.248975308791356
3 atlantis 1.8239087409443187 3 34 1 10.833158677961837
3 atlantis 1.8239087409443187 3 35 1 20.90353926774665
3 atlantis 1.8239087409443187 3 33 1 10.833158677961837
4 steak 1.6989700043360185 4 19 1 11.507881211872
4 steak 1.6989700043360185 4 21 1 8.18123811657891
4 steak 1.6989700043360185 4 20 1 8.18123811657891
4 steak 1.6989700043360185 4 22 1 18.770716198469668
1 heaven 2.301029995663981 1 186 1 15.884217122836137
1 versatility 2.301029995663981 1 192 1 21.165096485975205
1 friendly 2.301029995663981 1 113 1 12.403314614942087
1 tartare 2.301029995663981 1 21 1 8.18123811657891
1 schaeffer's 2.301029995663981 1 92 1 12.70921594137279
1 sts-135 2.301029995663981 1 35 1 20.90353926774665
1 bun 2.301029995663981 1 8 1 16.80262025281738
1 peperoncini 2.301029995663981 1 7 1 41.88817210515431
2 sts-132 2.0 2 34 1 10.833158677961837
2 sts-132 2.0 2 33 1 10.833158677961837
1 domino's 2.301029995663981 1 25 1 12.543714349736735
1 1936 2.301029995663981 1 112 1 23.870357445029825
1 waimakariri 2.301029995663981 1 69 1 25.17895616378152
1 persian 2.301029995663981 1 189 1 7.248975308791356
1 foot 2.301029995663981 1 161 1 13.15607429770451
6 show 1.5228787452803374 6 190 1 20.157613063508727
6 show 1.5228787452803374 6 191 1 14.86287402256335
6 show 1.5228787452803374 6 145 1 20.323114655144785
6 show 1.5228787452803374 6 77 1 31.4090355441229
6 show 1.5228787452803374 6 146 1 15.028375614199405
6 show 1.5228787452803374 6 177 1 9.733636573254024
1 beach 2.301029995663981 1 181 1 23.29869402326355
1 fried 2.301029995663981 1 19 1 11.507881211872
1 pack 2.301029995663981 1 129 1 23.133192431627496
8 bicycle 1.3979400086720375 8 51 1 17.838453390682115
8 bicycle 1.3979400086720375 8 50 1 7.248975308791356
8 bicycle 1.3979400086720375 8 55 1 7.248975308791356
8 bicycle 1.3979400086720375 8 54 1 7.248975308791356
8 bicycle 1.3979400086720375 8 53 1 7.248975308791356
8 bicycle 1.3979400086720375 8 52 1 7.248975308791356
8 bicycle 1.3979400086720375 8 57 1 7.248975308791356
8 bicycle 1.3979400086720375 8 56 1 32.42793147257287
1 hats 2.301029995663981 1 131 1 12.403314614942087
1 greensborough 2.301029995663981 1 103 1 15.729957710235176
1 gear 2.301029995663981 1 35 1 20.90353926774665
1 cold 2.301029995663981 1 107 1 13.021973460058417
1 black-winged 2.301029995663981 1 176 1 37.063173286617655
1 chess-master-turned-detective 2.301029995663981 1 89 1 37.063173286617655
1 essex 2.301029995663981 1 48 1 28.59343306420893
1 pesto 2.301029995663981 1 26 1 7.248975308791356
1 safari 2.301029995663981 1 165 1 17.91612117718385
1 world: 2.301029995663981 1 184 1 37.72267051351825
1 drew 2.301029995663981 1 142 1 37.063173286617655
2 custom 2.0 2 77 1 31.4090355441229
2 custom 2.0 2 56 1 32.42793147257287
1 tuna 2.301029995663981 1 10 1 24.06545523941505
1 cake 2.301029995663981 1 78 1 21.530019890955845
1 liga 2.301029995663981 1 142 1 37.063173286617655
1 indianapolis 2.301029995663981 1 77 1 31.4090355441229
1 mkv 2.301029995663981 1 82 1 31.498115836608136
2 enterprise 2.0 2 39 1 7.506515582668746
2 enterprise 2.0 2 41 1 7.506515582668746
1 mark 2.301029995663981 1 59 1 45.68455542285613
1 samsung 2.301029995663981 1 51 1 17.838453390682115
1 digue 2.301029995663981 1 181 1 23.29869402326355
1 fly 2.301029995663981 1 148 1 14.58947808189076
1 hunting 2.301029995663981 1 155 1 13.91612117718385
1 kpix 2.301029995663981 1 49 1 32.593433064208924
1 sofitel 2.301029995663981 1 97 1 21.024696751180556
1 match 2.301029995663981 1 137 1 12.403314614942087
1 wcup 2.301029995663981 1 118 1 15.108575573996706
1 ride 2.301029995663981 1 43 1 12.70921594137279
1 postcards 2.301029995663981 1 184 1 37.72267051351825
1 fig 2.301029995663981 1 29 1 12.543714349736735
1 paper 2.301029995663981 1 60 1 15.884217122836137
1 fans 2.301029995663981 1 119 1 18.04911738306179
1 state 2.301029995663981 2 132 2 33.582270778723604
1 tauplitz 2.301029995663981 1 85 1 34.27859741034167
1 north 2.301029995663981 1 135 1 62.761226942505125
1 baked 2.301029995663981 1 10 1 24.06545523941505
1 girl 2.301029995663981 1 108 1 7.248975308791356
1 landing 2.301029995663981 1 35 1 20.90353926774665
3 pool 1.8239087409443187 3 102 1 21.024696751180556
3 pool 1.8239087409443187 3 103 1 15.729957710235176
3 pool 1.8239087409443187 3 97 1 21.024696751180556
1 making 2.301029995663981 1 13 1 22.77071619846967
1 resort 2.301029995663981 1 102 1 21.024696751180556
1 wellington 2.301029995663981 1 73 1 23.74555237959527
1 felix 2.301029995663981 1 102 1 21.024696751180556
2 africa 2.0 2 118 1 15.108575573996706
2 africa 2.0 2 120 1 26.04911738306179
1 university 2.301029995663981 1 111 1 15.248975308791355
1 error 2.301029995663981 1 79 1 22.09735929376276
2 poor 2.0 2 93 1 23.27581215718654
2 poor 2.0 2 149 1 11.41447690042741
7 shark 1.455931955649724 7 200 1 18.60245525247963
7 shark 1.455931955649724 7 197 1 12.012977170588869
7 shark 1.455931955649724 7 196 1 6.11973785948203
7 shark 1.455931955649724 7 199 1 18.60245525247963
7 shark 1.455931955649724 7 198 1 7.41447690042741
7 shark 1.455931955649724 7 193 1 26.62533711855664
7 shark 1.455931955649724 7 194 1 16.70921594137279
1 latvia 2.301029995663981 1 113 1 12.403314614942087
1 steel 2.301029995663981 1 59 1 45.68455542285613
1 babyfoot 2.301029995663981 1 117 1 28.287531737778227
1 aggressors 2.301029995663981 1 66 1 13.91612117718385
1 sharks 2.301029995663981 1 195 1 7.108575573996708
1 river 2.301029995663981 1 69 1 25.17895616378152
